1720163884.283206809 1.000000e+00 1.989053e-10 3.229719e-09 0.000000e+00 1.989053e-10 1.000000e+00 -4.924927e-11 0.000000e+00 3.229719e-09 -4.924927e-11 1.000000e+00 0.000000e+00
1720163890.708435610 9.998333e-01 1.761243e-02 -4.819731e-03 2.150673e+00 -1.760800e-02 9.998445e-01 9.602778e-04 -1.005301e-01 4.835900e-03 -8.752518e-04 9.999879e-01 2.609810e-02
1720163892.081732089 9.999552e-01 6.796147e-03 -6.582226e-03 4.156702e+00 -6.780490e-03 9.999741e-01 2.398043e-03 -2.243603e-01 6.598359e-03 -2.353305e-03 9.999755e-01 5.686420e-02
1720163893.296376716 9.362046e-01 3.513529e-01 -8.494605e-03 6.059677e+00 -3.513610e-01 9.362399e-01 5.687734e-04 -2.793280e-01 8.152834e-03 2.452186e-03 9.999638e-01 8.192835e-02
1720163893.707330320 7.542945e-01 6.564372e-01 -1.140413e-02 6.552988e+00 -6.564706e-01 7.543509e-01 1.033858e-03 -5.868105e-01 9.281382e-03 6.706646e-03 9.999344e-01 1.001745e-01
1720163894.087491453 4.412360e-01 8.972555e-01 -1.559972e-02 6.826058e+00 -8.973658e-01 4.412875e-01 -1.563507e-04 -1.061591e+00 6.743679e-03 1.406765e-02 9.998783e-01 1.063152e-01
1720163895.682972793 1.851659e-01 9.826221e-01 -1.293527e-02 7.065494e+00 -9.826741e-01 1.852517e-01 5.775948e-03 -3.139533e+00 8.071857e-03 1.164165e-02 9.998997e-01 1.155966e-01
1720163897.187241162 2.161550e-01 9.761871e-01 -1.832433e-02 7.378005e+00 -9.762730e-01 2.163471e-01 9.221515e-03 -5.234428e+00 1.296634e-02 1.589628e-02 9.997896e-01 1.439574e-01
1720163898.607493338 1.534032e-01 9.880096e-01 -1.745216e-02 7.688076e+00 -9.881196e-01 1.535392e-01 6.731527e-03 -7.221491e+00 9.330404e-03 1.621219e-02 9.998250e-01 1.623026e-01
1720163899.987207077 1.374002e-01 9.903641e-01 -1.732422e-02 7.887427e+00 -9.903473e-01 1.376783e-01 1.603047e-02 -9.257195e+00 1.826117e-02 1.495441e-02 9.997214e-01 2.051525e-01
1720163901.382016669 1.428038e-01 9.896185e-01 -1.619533e-02 8.088947e+00 -9.895546e-01 1.430823e-01 1.758139e-02 -1.129196e+01 1.971614e-02 1.351548e-02 9.997143e-01 2.465758e-01
1720163902.915017968 1.495213e-01 9.885865e-01 -1.844160e-02 8.312148e+00 -9.883818e-01 1.499531e-01 2.480964e-02 -1.341728e+01 2.729186e-02 1.451778e-02 9.995221e-01 2.813456e-01
1720163904.286277305 1.573687e-01 9.873273e-01 -2.049205e-02 8.531001e+00 -9.871184e-01 1.578739e-01 2.594320e-02 -1.548514e+01 2.884959e-02 1.614544e-02 9.994534e-01 3.536558e-01
1720163905.687656293 1.765311e-01 9.840475e-01 -2.207564e-02 8.789392e+00 -9.836289e-01 1.771923e-01 3.281892e-02 -1.747559e+01 3.620701e-02 1.592068e-02 9.992175e-01 4.085946e-01
1720163907.181443793 1.898058e-01 9.816987e-01 -1.553610e-02 9.080941e+00 -9.810328e-01 1.902638e-01 3.707189e-02 -1.958711e+01 3.934938e-02 8.204972e-03 9.991918e-01 4.804439e-01
1720163908.582939458 1.587019e-01 9.871222e-01 -2.008783e-02 9.327202e+00 -9.864432e-01 1.593876e-01 3.905659e-02 -2.169955e+01 4.175538e-02 1.361716e-02 9.990351e-01 5.688375e-01
1720163910.085820621 8.545476e-02 9.961089e-01 -2.155254e-02 9.529609e+00 -9.952850e-01 8.634028e-02 4.419330e-02 -2.381810e+01 4.588220e-02 1.767440e-02 9.987905e-01 6.667204e-01
1720163911.480936573 9.362305e-02 9.953956e-01 -2.055116e-02 9.639517e+00 -9.943511e-01 9.452173e-02 4.828555e-02 -2.585530e+01 5.000575e-02 1.591444e-02 9.986221e-01 7.785475e-01
1720163912.883271904 8.757513e-02 9.959281e-01 -2.139437e-02 9.726532e+00 -9.946660e-01 8.859879e-02 5.281897e-02 -2.789855e+01 5.449942e-02 1.665463e-02 9.983749e-01 8.934598e-01
1720163914.287338337 1.048374e-01 9.942351e-01 -2.248533e-02 9.845727e+00 -9.927426e-01 1.059660e-01 5.686160e-02 -2.991244e+01 5.891648e-02 1.636093e-02 9.981288e-01 1.005000e+00
1720163918.089622230 6.039239e-02 9.978622e-01 -2.497603e-02 9.846245e+00 -9.962599e-01 6.180677e-02 6.038282e-02 -3.192318e+01 6.179742e-02 2.123596e-02 9.978628e-01 1.132743e+00
1720163918.884320049 -3.143941e-01 9.490061e-01 -2.331809e-02 9.830211e+00 -9.479514e-01 -3.125499e-01 6.083297e-02 -3.206295e+01 5.044280e-02 4.122995e-02 9.978756e-01 1.132512e+00
1720163919.608247015 -6.511413e-01 7.586056e-01 -2.307866e-02 9.802048e+00 -7.582665e-01 -6.489519e-01 6.239684e-02 -3.212716e+01 3.235765e-02 5.812894e-02 9.977846e-01 1.128369e+00
1720163920.185960755 -8.838094e-01 4.674078e-01 -2.026998e-02 9.705030e+00 -4.676944e-01 -8.815843e-01 6.380578e-02 -3.218607e+01 1.195362e-02 6.587231e-02 9.977565e-01 1.130003e+00
1720163920.889430238 -9.899778e-01 1.395827e-01 -2.146438e-02 9.738282e+00 -1.406753e-01 -9.880567e-01 6.288466e-02 -3.211574e+01 -1.243042e-02 6.527392e-02 9.977900e-01 1.129251e+00
1720163924.182435510 -8.706248e-01 4.914157e-01 -2.286906e-02 9.937283e+00 -4.918163e-01 -8.683776e-01 6.353778e-02 -3.185476e+01 1.136447e-02 6.656495e-02 9.977174e-01 1.120352e+00
1720163925.082884293 -6.525313e-01 7.574012e-01 -2.337392e-02 9.968106e+00 -7.570815e-01 -6.503285e-01 6.245358e-02 -3.182973e+01 3.210169e-02 5.844888e-02 9.977741e-01 1.119129e+00
1720163925.982875778 -3.567780e-01 9.339122e-01 -2.274900e-02 9.992900e+00 -9.328181e-01 -3.548299e-01 6.281834e-02 -3.178863e+01 5.059478e-02 4.363289e-02 9.977657e-01 1.116944e+00
1720163926.887511378 1.149017e-02 9.996660e-01 -2.314766e-02 1.000010e+01 -9.979627e-01 1.291730e-02 6.247803e-02 -3.174671e+01 6.275617e-02 2.238262e-02 9.977779e-01 1.113608e+00
1720163931.181071243 -5.453908e-02 9.982616e-01 -2.234555e-02 9.995571e+00 -9.962449e-01 -5.289458e-02 6.854423e-02 -3.381427e+01 6.724311e-02 2.599999e-02 9.973978e-01 1.262730e+00
1720163932.685077674 -3.510930e-02 9.991057e-01 -2.356256e-02 9.821190e+00 -9.969228e-01 -3.335965e-02 7.093677e-02 -3.595736e+01 7.008729e-02 2.598060e-02 9.972025e-01 1.434704e+00
1720163934.185315990 1.130851e-03 9.997307e-01 -2.317896e-02 9.651492e+00 -9.972370e-01 2.849106e-03 7.423160e-02 -3.804955e+01 7.427764e-02 2.303098e-02 9.969716e-01 1.578869e+00
1720163935.586823371 9.692558e-02 9.950254e-01 -2.301741e-02 9.639803e+00 -9.919014e-01 9.847676e-02 8.021140e-02 -4.006642e+01 8.207907e-02 1.505647e-02 9.965121e-01 1.752284e+00
1720163936.987623494 1.589278e-01 9.870142e-01 -2.334302e-02 9.887064e+00 -9.835983e-01 1.603321e-01 8.263212e-02 -4.211587e+01 8.530171e-02 9.827612e-03 9.963067e-01 1.925226e+00
1720163938.487307344 1.750346e-01 9.842751e-01 -2.377978e-02 1.014279e+01 -9.803121e-01 1.764700e-01 8.858039e-02 -4.421145e+01 9.138389e-02 7.806980e-03 9.957851e-01 2.129708e+00
1720163939.881001303 1.292844e-01 9.912969e-01 -2.481879e-02 1.032441e+01 -9.870975e-01 1.310405e-01 9.201530e-02 -4.623434e+01 9.446675e-02 1.260243e-02 9.954482e-01 2.310390e+00
1720163941.284027479 1.447907e-01 9.890998e-01 -2.678063e-02 1.051153e+01 -9.847890e-01 1.466815e-01 9.314046e-02 -4.825153e+01 9.605344e-02 1.288741e-02 9.952927e-01 2.501075e+00
1720163942.880154603 1.542959e-01 9.876451e-01 -2.738454e-02 1.070489e+01 -9.831818e-01 1.562214e-01 9.459629e-02 -5.032875e+01 9.770561e-02 1.232817e-02 9.951390e-01 2.700846e+00
1720163944.483150619 1.387134e-01 9.899850e-01 -2.623489e-02 1.090414e+01 -9.848597e-01 1.406796e-01 1.012945e-01 -5.245113e+01 1.039707e-01 1.178679e-02 9.945105e-01 2.902384e+00
1720163945.881363213 1.175117e-01 9.928067e-01 -2.293160e-02 1.103857e+01 -9.874469e-01 1.192692e-01 1.035545e-01 -5.445892e+01 1.055447e-01 1.047487e-02 9.943594e-01 3.104539e+00
1720163947.386052619 1.479077e-01 9.886999e-01 -2.440801e-02 1.119548e+01 -9.828976e-01 1.496877e-01 1.072658e-01 -5.645436e+01 1.097072e-01 8.125150e-03 9.939307e-01 3.294275e+00
1720163948.907225600 1.156928e-01 9.930214e-01 -2.288516e-02 1.134704e+01 -9.867328e-01 1.175411e-01 1.119928e-01 -5.844473e+01 1.139012e-01 9.624792e-03 9.934455e-01 3.535379e+00
1720163950.286713460 1.424522e-01 9.894289e-01 -2.716334e-02 1.151438e+01 -9.830024e-01 1.446315e-01 1.130841e-01 -6.048834e+01 1.158174e-01 1.059256e-02 9.932140e-01 3.776335e+00
1720163951.814497232 3.575511e-02 9.990607e-01 -2.448007e-02 1.152408e+01 -9.924026e-01 3.838106e-02 1.168928e-01 -6.259237e+01 1.177226e-01 2.011458e-02 9.928428e-01 4.017264e+00
1720163953.188782656 5.545833e-02 9.981342e-01 -2.554400e-02 1.152357e+01 -9.911187e-01 5.812936e-02 1.196023e-01 -6.462622e+01 1.208640e-01 1.868420e-02 9.924932e-01 4.259868e+00
1720163954.588140809 5.958690e-02 9.980001e-01 -2.110026e-02 1.157031e+01 -9.902541e-01 6.176360e-02 1.248281e-01 -6.663684e+01 1.258817e-01 1.345650e-02 9.919540e-01 4.506396e+00
1720163956.081088399 7.348932e-02 9.969043e-01 -2.795006e-02 1.165364e+01 -9.890355e-01 7.645166e-02 1.263482e-01 -6.876237e+01 1.280939e-01 1.835836e-02 9.915921e-01 4.775522e+00
1720163957.602333714 8.283712e-02 9.961406e-01 -2.901695e-02 1.174049e+01 -9.884192e-01 8.584015e-02 1.251356e-01 -7.090728e+01 1.271434e-01 1.831505e-02 9.917152e-01 5.071496e+00
1720163958.288415569 -2.748755e-01 9.613584e-01 -1.527772e-02 1.175611e+01 -9.540359e-01 -2.707396e-01 1.285128e-01 -7.199666e+01 1.194106e-01 4.990053e-02 9.915902e-01 5.209828e+00
1720163958.785712718 -5.811271e-01 8.133829e-01 -2.644900e-02 1.142799e+01 -8.085835e-01 -5.734095e-01 1.318874e-01 -7.261745e+01 9.210887e-02 9.802959e-02 9.909118e-01 5.282800e+00
1720163959.483214932 -8.345694e-01 5.502697e-01 -2.640540e-02 1.065905e+01 -5.486595e-01 -8.258943e-01 1.298902e-01 -7.326296e+01 4.966654e-02 1.228899e-01 9.911767e-01 5.375755e+00
1720163960.990475677 -9.467633e-01 3.210934e-01 -2.319922e-02 8.685460e+00 -3.212365e-01 -9.375373e-01 1.335328e-01 -7.394749e+01 2.112636e-02 1.338764e-01 9.907728e-01 5.422653e+00
1720163962.486221205 -9.716427e-01 2.354631e-01 -2.162235e-02 6.718260e+00 -2.361506e-01 -9.617018e-01 1.391491e-01 -7.440007e+01 1.197022e-02 1.403093e-01 9.900354e-01 5.441755e+00
1720163963.889409779 -9.979872e-01 6.134364e-02 -1.607625e-02 4.654123e+00 -6.300432e-02 -9.879428e-01 1.414196e-01 -7.471588e+01 -7.207229e-03 1.421478e-01 9.898192e-01 5.420043e+00
1720163965.281282205 -9.902652e-01 1.383797e-01 -1.502656e-02 2.652926e+00 -1.391280e-01 -9.807133e-01 1.372766e-01 -7.486329e+01 4.259551e-03 1.380309e-01 9.904188e-01 5.420029e+00
1720163966.688408651 -9.858849e-01 1.671108e-01 -1.024517e-02 6.084272e-01 -1.669606e-01 -9.767580e-01 1.344175e-01 -7.510745e+01 1.245555e-02 1.342307e-01 9.908718e-01 5.416004e+00
1720163968.187775907 -9.753682e-01 2.203992e-01 -9.008882e-03 -1.514632e+00 -2.195961e-01 -9.663338e-01 1.340762e-01 -7.535786e+01 2.084470e-02 1.327520e-01 9.909301e-01 5.433455e+00
1720163969.581005825 -9.674325e-01 2.530700e-01 -5.476035e-03 -3.535149e+00 -2.514301e-01 -9.582112e-01 1.364342e-01 -7.573370e+01 2.928019e-02 1.333677e-01 9.906340e-01 5.464317e+00
1720163970.979858144 -9.654097e-01 2.607222e-01 -2.838160e-03 -5.496710e+00 -2.585900e-01 -9.560068e-01 1.384997e-01 -7.616917e+01 3.339665e-02 1.344429e-01 9.903584e-01 5.530413e+00
1720163972.383005657 -9.665861e-01 2.563421e-01 -2.907502e-04 -7.491704e+00 -2.539636e-01 -9.574622e-01 1.369987e-01 -7.658444e+01 3.484016e-02 1.324949e-01 9.905712e-01 5.593948e+00
1720163973.782446081 -9.878507e-01 1.553451e-01 4.350673e-03 -9.481544e+00 -1.532948e-01 -9.786477e-01 1.369282e-01 -7.691242e+01 2.552889e-02 1.345977e-01 9.905714e-01 5.632839e+00
1720163975.288507090 -9.958130e-01 9.111426e-02 7.393943e-03 -1.158574e+01 -8.922077e-02 -9.863496e-01 1.383986e-01 -7.709245e+01 1.990309e-02 1.371594e-01 9.903490e-01 5.663893e+00
1720163976.683143111 -9.923175e-01 1.232365e-01 1.089887e-02 -1.358380e+01 -1.205005e-01 -9.827154e-01 1.405347e-01 -7.718716e+01 2.802948e-02 1.381417e-01 9.900158e-01 5.713196e+00
1720163978.089299342 -9.892394e-01 1.455737e-01 1.461780e-02 -1.563914e+01 -1.421675e-01 -9.800440e-01 1.389324e-01 -7.738317e+01 3.455098e-02 1.353592e-01 9.901940e-01 5.757970e+00
1720163979.481848142 -9.979377e-01 6.198264e-02 1.668597e-02 -1.769531e+01 -5.904515e-02 -9.883696e-01 1.401400e-01 -7.749050e+01 2.517814e-02 1.388658e-01 9.899911e-01 5.823982e+00
1720163980.982665245 -9.882317e-01 1.516389e-01 2.009384e-02 -1.982553e+01 -1.474144e-01 -9.791870e-01 1.395057e-01 -7.758373e+01 4.083011e-02 1.349018e-01 9.900174e-01 5.886089e+00
1720163982.490516102 -9.878904e-01 1.531718e-01 2.471580e-02 -2.194526e+01 -1.480925e-01 -9.784020e-01 1.442153e-01 -7.786407e+01 4.627170e-02 1.388087e-01 9.892376e-01 6.010216e+00
1720163985.887087486 -9.822990e-01 -1.854431e-01 2.644815e-02 -2.258829e+01 1.873189e-01 -9.720506e-01 1.415247e-01 -7.793700e+01 -5.358472e-04 1.439738e-01 9.895814e-01 6.049992e+00
1720163986.884016415 -8.543361e-01 -5.190047e-01 2.727692e-02 -2.259102e+01 5.172642e-01 -8.440286e-01 1.416102e-01 -7.792621e+01 -5.047386e-02 1.350921e-01 9.895466e-01 6.040243e+00
1720163987.886852050 -6.315071e-01 -7.748838e-01 2.745575e-02 -2.259092e+01 7.699296e-01 -6.224955e-01 1.403846e-01 -7.790308e+01 -9.169068e-02 1.097929e-01 9.897163e-01 6.038166e+00
1720163988.984743133 -3.071782e-01 -9.512675e-01 2.704873e-02 -2.258774e+01 9.432626e-01 -3.005815e-01 1.410902e-01 -7.787536e+01 -1.260842e-01 6.885388e-02 9.896272e-01 6.029295e+00
1720163992.184932106 -6.577096e-01 -7.527694e-01 2.750187e-02 -2.247272e+01 7.479943e-01 -6.483522e-01 1.419293e-01 -7.801851e+01 -8.900917e-02 1.139195e-01 9.894947e-01 6.046056e+00
1720163992.687718459 -8.764714e-01 -4.806806e-01 2.727643e-02 -2.246948e+01 4.794239e-01 -8.661772e-01 1.410315e-01 -7.802327e+01 -4.416487e-02 1.366870e-01 9.896293e-01 6.041139e+00
1720163993.285089950 -9.941832e-01 -1.041435e-01 2.745841e-02 -2.245872e+01 1.069929e-01 -9.842141e-01 1.409791e-01 -7.800544e+01 1.234289e-02 1.430969e-01 9.896317e-01 6.043378e+00
1720163995.288922265 -9.718044e-01 2.340636e-01 2.846667e-02 -2.291985e+01 -2.276877e-01 -9.629271e-01 1.446707e-01 -7.806091e+01 6.127347e-02 1.341102e-01 9.890703e-01 6.080136e+00
1720163997.881180930 -9.956347e-01 -8.654810e-02 3.494205e-02 -2.493052e+01 9.068771e-02 -9.855795e-01 1.428596e-01 -7.798889e+01 2.207394e-02 1.454048e-01 9.891260e-01 6.148774e+00
1720163999.888076528 -9.981910e-01 -4.888512e-02 3.499989e-02 -2.704006e+01 5.342585e-02 -9.882171e-01 1.434315e-01 -7.776229e+01 2.757582e-02 1.450420e-01 9.890412e-01 6.202995e+00
1720164001.307913566 -9.990421e-01 -2.248351e-02 3.754239e-02 -2.906482e+01 2.762545e-02 -9.893932e-01 1.426109e-01 -7.755578e+01 3.393779e-02 1.435114e-01 9.890666e-01 6.258913e+00
1720164002.786787307 -9.989203e-01 -1.073691e-02 4.520007e-02 -3.119757e+01 1.709112e-02 -9.896278e-01 1.426352e-01 -7.737811e+01 4.319978e-02 1.432537e-01 9.887427e-01 6.334426e+00
1720164004.183945992 -9.987485e-01 1.161536e-02 4.864707e-02 -3.324771e+01 -4.626831e-03 -9.899452e-01 1.413760e-01 -7.725349e+01 4.980006e-02 1.409740e-01 9.887600e-01 6.455758e+00
1720164005.579342960 -9.984417e-01 -1.236721e-02 5.441738e-02 -3.537302e+01 1.999582e-02 -9.896701e-01 1.419621e-01 -7.720447e+01 5.209957e-02 1.428290e-01 9.883752e-01 6.560135e+00
1720164007.079532950 -9.664370e-01 -2.509381e-01 5.504145e-02 -3.737029e+01 2.563176e-01 -9.563057e-01 1.406436e-01 -7.674386e+01 1.734359e-02 1.500313e-01 9.885291e-01 6.628473e+00
1720164008.479191920 -9.627270e-01 -2.631022e-01 6.272178e-02 -3.928640e+01 2.694841e-01 -9.528858e-01 1.392372e-01 -7.614398e+01 2.313306e-02 1.509500e-01 9.882707e-01 6.644487e+00
1720164009.888554801 -9.318095e-01 -3.571557e-01 6.458201e-02 -4.122363e+01 3.628201e-01 -9.213339e-01 1.396616e-01 -7.545153e+01 9.620674e-03 1.535696e-01 9.880910e-01 6.668180e+00
1720164011.288134158 -8.999524e-01 -4.300093e-01 7.195624e-02 -4.307481e+01 4.359599e-01 -8.894337e-01 1.372832e-01 -7.454493e+01 4.967252e-03 1.549184e-01 9.879148e-01 6.690096e+00
1720164012.686598014 -9.021531e-01 -4.244402e-01 7.726732e-02 -4.482679e+01 4.312627e-01 -8.920243e-01 1.352965e-01 -7.357292e+01 1.149905e-02 1.553806e-01 9.877877e-01 6.694118e+00
1720164014.087383223 -9.128676e-01 -4.001763e-01 8.081918e-02 -4.662877e+01 4.078007e-01 -9.031493e-01 1.342386e-01 -7.264649e+01 1.927269e-02 1.555001e-01 9.876478e-01 6.718106e+00
1720164015.481857290 -9.210417e-01 -3.801244e-01 8.478031e-02 -4.856076e+01 3.885666e-01 -9.116521e-01 1.338151e-01 -7.170818e+01 2.642377e-02 1.561921e-01 9.873732e-01 6.756659e+00
1720164016.983603787 -9.356075e-01 -3.429992e-01 8.360696e-02 -5.051365e+01 3.514554e-01 -9.273342e-01 1.285707e-01 -7.084803e+01 3.343196e-02 1.496758e-01 9.881698e-01 6.810360e+00
1720164020.481387220 -8.742023e-01 -4.787558e-01 8.101343e-02 -5.238619e+01 4.854371e-01 -8.655088e-01 1.234718e-01 -7.007146e+01 1.100500e-02 1.472662e-01 9.890357e-01 6.857133e+00
1720164020.981582461 -6.145010e-01 -7.837871e-01 8.981243e-02 -5.249939e+01 7.875868e-01 -6.028715e-01 1.274874e-01 -7.009313e+01 -4.577765e-02 1.490762e-01 9.877655e-01 6.881178e+00
1720164021.482141198 -3.067558e-01 -9.472234e-01 9.310576e-02 -5.247493e+01 9.470084e-01 -2.939601e-01 1.294705e-01 -7.009317e+01 -9.526816e-02 1.278878e-01 9.872025e-01 6.874509e+00
1720164021.981761048 3.219285e-02 -9.954574e-01 8.960055e-02 -5.245414e+01 9.911272e-01 4.336204e-02 1.256449e-01 -7.010223e+01 -1.289594e-01 8.476067e-02 9.880208e-01 6.871233e+00
1720164022.780600815 3.698519e-01 -9.246288e-01 9.094624e-02 -5.241651e+01 9.173657e-01 3.789329e-01 1.218606e-01 -7.016997e+01 -1.471383e-01 3.836060e-02 9.883718e-01 6.881853e+00
1720164025.084516576 -2.407452e-02 -9.955635e-01 9.096018e-02 -5.238358e+01 9.918652e-01 -1.241033e-02 1.266863e-01 -7.013814e+01 -1.249954e-01 9.327014e-02 9.877636e-01 6.870667e+00
1720164025.687362455 -3.985043e-01 -9.125701e-01 9.170703e-02 -5.239330e+01 9.137647e-01 -3.864327e-01 1.253148e-01 -7.012990e+01 -7.891995e-02 1.337371e-01 9.878694e-01 6.867710e+00
1720164026.281614721 -6.883050e-01 -7.197586e-01 9.046392e-02 -5.239387e+01 7.248004e-01 -6.771885e-01 1.268073e-01 -7.013658e+01 -3.000952e-02 1.528504e-01 9.877936e-01 6.873395e+00
1720164026.890758231 -8.990769e-01 -4.206099e-01 1.214415e-01 -5.237671e+01 4.348595e-01 -8.900561e-01 1.367383e-01 -7.010998e+01 5.057632e-02 1.757482e-01 9.831351e-01 6.891942e+00
1720164029.781865395 -8.406791e-01 -5.337222e-01 9.164684e-02 -5.422380e+01 5.415077e-01 -8.301667e-01 1.326372e-01 -6.912767e+01 5.290732e-03 1.611328e-01 9.869186e-01 6.925279e+00
1720164031.187381437 -8.490572e-01 -5.202806e-01 9.170634e-02 -5.588604e+01 5.281843e-01 -8.396302e-01 1.266589e-01 -6.786463e+01 1.110127e-02 1.559785e-01 9.876981e-01 6.999959e+00
1720164033.281551582 -8.452391e-01 -5.244914e-01 1.023704e-01 -5.769906e+01 5.339948e-01 -8.363247e-01 1.241394e-01 -6.668724e+01 2.050490e-02 1.595927e-01 9.869700e-01 7.051277e+00
1720164034.880656975 -9.638877e-01 -2.471429e-01 9.920068e-02 -5.958892e+01 2.581258e-01 -9.586635e-01 1.197304e-01 -6.575204e+01 6.550955e-02 1.410129e-01 9.878380e-01 7.138588e+00
1720164036.321408104 -9.516519e-01 -2.875371e-01 1.080790e-01 -6.152349e+01 2.992667e-01 -9.471984e-01 1.151287e-01 -6.508529e+01 6.926852e-02 1.419069e-01 9.874535e-01 7.245526e+00
1720164037.680391550 -9.596978e-01 -2.578191e-01 1.118459e-01 -6.349143e+01 2.704150e-01 -9.555213e-01 1.177067e-01 -6.439629e+01 7.652410e-02 1.432076e-01 9.867298e-01 7.378930e+00
1720164041.288626203 -8.144765e-01 -5.684065e-01 1.163705e-01 -6.517217e+01 5.794245e-01 -8.072076e-01 1.126195e-01 -6.378091e+01 2.992151e-02 1.591539e-01 9.868003e-01 7.514295e+00
1720164041.879520410 -5.534098e-01 -8.247615e-01 1.162152e-01 -6.522370e+01 8.323009e-01 -5.422650e-01 1.149950e-01 -6.378451e+01 -3.182397e-02 1.603654e-01 9.865446e-01 7.525914e+00
1720164042.485198653 -2.159912e-01 -9.693122e-01 1.173950e-01 -6.522534e+01 9.725454e-01 -2.029124e-01 1.139384e-01 -6.373198e+01 -8.662103e-02 1.387817e-01 9.865275e-01 7.511324e+00
1720164043.080182944 1.570979e-01 -9.804910e-01 1.181426e-01 -6.524489e+01 9.786195e-01 1.706352e-01 1.148369e-01 -6.369419e+01 -1.327559e-01 9.757604e-02 9.863340e-01 7.515442e+00
1720164045.486141225 -2.148223e-01 -9.694388e-01 1.184898e-01 -6.507920e+01 9.728678e-01 -2.017377e-01 1.132703e-01 -6.378912e+01 -8.590473e-02 1.396079e-01 9.864735e-01 7.498615e+00
1720164046.086095508 -5.442117e-01 -8.308038e-01 1.166131e-01 -6.505298e+01 8.383412e-01 -5.332533e-01 1.132475e-01 -6.383423e+01 -3.190216e-02 1.593921e-01 9.866998e-01 7.500156e+00
1720164046.683834316 -8.080231e-01 -5.772677e-01 1.177314e-01 -6.502876e+01 5.884702e-01 -8.004133e-01 1.141986e-01 -6.385271e+01 2.831061e-02 1.615565e-01 9.864573e-01 7.494802e+00
1720164050.104083470 -9.299475e-01 -3.477395e-01 1.194777e-01 -6.693610e+01 3.604423e-01 -9.263511e-01 1.093387e-01 -6.299948e+01 7.265691e-02 1.447440e-01 9.867979e-01 7.634947e+00
1720164051.584118282 -9.516644e-01 -2.797494e-01 1.267878e-01 -6.886056e+01 2.937950e-01 -9.494928e-01 1.102172e-01 -6.233684e+01 8.955087e-02 1.421394e-01 9.857875e-01 7.792004e+00
1720164052.978801812 -9.597366e-01 -2.584371e-01 1.100727e-01 -7.078643e+01 2.712744e-01 -9.544307e-01 1.243876e-01 -6.166104e+01 7.291039e-02 1.492392e-01 9.861094e-01 7.910691e+00
1720164054.481247689 -9.670181e-01 -2.311917e-01 1.068940e-01 -7.281132e+01 2.434069e-01 -9.624148e-01 1.204608e-01 -6.100159e+01 7.502679e-02 1.425065e-01 9.869462e-01 8.109818e+00
1720164055.779946795 -8.807675e-01 -4.620194e-01 1.038591e-01 -7.475316e+01 4.720843e-01 -8.739018e-01 1.158965e-01 -6.043144e+01 3.721620e-02 1.511081e-01 9.878164e-01 8.257342e+00
1720164057.482158102 -7.795477e-01 -6.145720e-01 1.208583e-01 -7.619903e+01 6.260695e-01 -7.702643e-01 1.213665e-01 -5.900136e+01 1.850440e-02 1.702767e-01 9.852225e-01 8.276576e+00
1720164059.179320052 -7.350244e-01 -6.690837e-01 1.098456e-01 -7.774709e+01 6.779953e-01 -7.271395e-01 1.076589e-01 -5.767102e+01 7.840263e-03 1.536067e-01 9.881010e-01 8.315063e+00
1720164060.084736635 -4.604054e-01 -8.801320e-01 1.157344e-01 -7.857050e+01 8.865400e-01 -4.491869e-01 1.108061e-01 -5.663616e+01 -4.553763e-02 1.536189e-01 9.870803e-01 8.320627e+00
1720164061.479113798 -2.243920e-01 -9.670119e-01 1.205660e-01 -7.916914e+01 9.712519e-01 -2.118347e-01 1.086081e-01 -5.471835e+01 -7.948523e-02 1.414708e-01 9.867462e-01 8.190594e+00
1720164062.985505619 -1.239935e-01 -9.849982e-01 1.200176e-01 -7.942792e+01 9.877830e-01 -1.110191e-01 1.093593e-01 -5.260090e+01 -9.439442e-02 1.321112e-01 9.867301e-01 7.988578e+00
1720164064.382605447 -1.583724e-01 -9.792213e-01 1.266644e-01 -7.968979e+01 9.835270e-01 -1.451299e-01 1.077586e-01 -5.058908e+01 -8.713673e-02 1.416439e-01 9.860752e-01 7.825844e+00
1720164065.788375121 -1.667364e-01 -9.783206e-01 1.228326e-01 -7.996195e+01 9.827600e-01 -1.548004e-01 1.010921e-01 -4.858738e+01 -7.988591e-02 1.375707e-01 9.872652e-01 7.644136e+00
1720164067.187085057 -1.888564e-01 -9.742894e-01 1.228554e-01 -8.019208e+01 9.793116e-01 -1.775995e-01 9.699123e-02 -4.659473e+01 -7.267847e-02 1.386311e-01 9.876737e-01 7.474766e+00
1720164068.591201134 -1.534595e-01 -9.802819e-01 1.244893e-01 -8.042629e+01 9.853618e-01 -1.423410e-01 9.381422e-02 -4.461185e+01 -7.424445e-02 1.370637e-01 9.877759e-01 7.326468e+00
1720164069.984150294 -1.178004e-01 -9.851074e-01 1.252453e-01 -8.062783e+01 9.901745e-01 -1.069528e-01 9.008647e-02 -4.254681e+01 -7.534952e-02 1.346269e-01 9.880274e-01 7.161149e+00
1720164071.485515401 -1.298240e-01 -9.844010e-01 1.187452e-01 -8.075940e+01 9.891881e-01 -1.203460e-01 8.380744e-02 -4.046639e+01 -6.820962e-02 1.283416e-01 9.893816e-01 7.034470e+00
1720164073.079749221 -1.391898e-01 -9.824692e-01 1.240181e-01 -8.095721e+01 9.878215e-01 -1.289594e-01 8.705223e-02 -3.834521e+01 -6.953283e-02 1.346246e-01 9.884541e-01 6.871322e+00
1720164074.582294674 -1.268125e-01 -9.840908e-01 1.244346e-01 -8.117627e+01 9.896270e-01 -1.169818e-01 8.338813e-02 -3.624446e+01 -6.750491e-02 1.337185e-01 9.887176e-01 6.738614e+00
1720164076.803020809 -2.532021e-01 -9.596806e-01 1.220733e-01 -8.140384e+01 9.664815e-01 -2.453989e-01 7.545185e-02 -3.424576e+01 -4.245303e-02 1.370861e-01 9.896490e-01 6.614963e+00
1720164078.579255947 -2.634904e-01 -9.574656e-01 1.176114e-01 -8.190201e+01 9.640186e-01 -2.568982e-01 6.834762e-02 -3.218519e+01 -3.522633e-02 1.313885e-01 9.907049e-01 6.515306e+00
1720164080.183890025 -1.264643e-01 -9.840797e-01 1.248754e-01 -8.211854e+01 9.902282e-01 -1.177785e-01 7.467531e-02 -3.017539e+01 -5.877882e-02 1.330989e-01 9.893582e-01 6.444700e+00
1720164081.585014278 -9.024276e-02 -9.893921e-01 1.138397e-01 -8.226908e+01 9.940690e-01 -8.251925e-02 7.083329e-02 -2.815330e+01 -6.068793e-02 1.195567e-01 9.909708e-01 6.312240e+00
1720164083.087611494 -1.090412e-01 -9.870806e-01 1.173960e-01 -8.239235e+01 9.919064e-01 -1.003173e-01 7.783429e-02 -2.608121e+01 -6.505187e-02 1.249330e-01 9.900303e-01 6.230195e+00
1720164084.580577799 -1.212892e-01 -9.859557e-01 1.148052e-01 -8.250740e+01 9.909834e-01 -1.136437e-01 7.097139e-02 -2.394447e+01 -5.692777e-02 1.223781e-01 9.908496e-01 6.078641e+00
1720164086.286851853 -1.504443e-01 -9.814121e-01 1.191508e-01 -8.270421e+01 9.872942e-01 -1.429114e-01 6.947274e-02 -2.184908e+01 -5.115337e-02 1.280887e-01 9.904426e-01 5.987941e+00
1720164089.383638762 2.169698e-01 -9.690716e-01 1.175766e-01 -8.283910e+01 9.718344e-01 2.257819e-01 6.753139e-02 -2.132689e+01 -9.198941e-02 9.961267e-02 9.907650e-01 5.949989e+00
1720164090.083860726 5.665534e-01 -8.154677e-01 1.184468e-01 -8.277660e+01 8.148116e-01 5.758359e-01 6.704491e-02 -2.121248e+01 -1.228789e-01 5.852728e-02 9.906944e-01 5.936347e+00
1720164090.787283742 8.339364e-01 -5.390271e-01 1.183208e-01 -8.274001e+01 5.351507e-01 8.422405e-01 6.515148e-02 -2.121694e+01 -1.347730e-01 8.987261e-03 9.908357e-01 5.934120e+00
1720164094.078996466 5.986264e-01 -7.920343e-01 1.197002e-01 -8.286578e+01 7.916068e-01 6.077947e-01 6.280283e-02 -2.166161e+01 -1.224951e-01 5.716006e-02 9.908217e-01 5.961039e+00
1720164094.581784167 2.505421e-01 -9.601590e-01 1.237875e-01 -8.286983e+01 9.631613e-01 2.601229e-01 6.823734e-02 -2.168190e+01 -9.771865e-02 1.021310e-01 9.899598e-01 5.975726e+00
1720164095.181809244 -1.261843e-01 -9.849409e-01 1.181903e-01 -8.283362e+01 9.908173e-01 -1.193023e-01 6.362484e-02 -2.165785e+01 -4.856633e-02 1.251334e-01 9.909505e-01 5.970075e+00
1720164097.987997146 -2.017482e-01 -9.732376e-01 1.100288e-01 -8.307818e+01 9.785934e-01 -1.956357e-01 6.388755e-02 -1.958753e+01 -4.065221e-02 1.205627e-01 9.918730e-01 5.885713e+00
1720164099.384407976 -1.655337e-03 -9.928387e-01 1.194515e-01 -8.322641e+01 9.979219e-01 6.054353e-03 6.415066e-02 -1.753285e+01 -6.441446e-02 1.193095e-01 9.907654e-01 5.781491e+00
1720164100.687989305 1.689308e-01 -9.771987e-01 1.286280e-01 -8.310264e+01 9.813989e-01 1.788438e-01 6.979366e-02 -1.551559e+01 -9.120659e-02 1.144451e-01 9.892339e-01 5.648448e+00
1720164101.887262759 4.950435e-01 -8.610299e-01 1.164452e-01 -8.258758e+01 8.597502e-01 5.047942e-01 7.754001e-02 -1.396836e+01 -1.255451e-01 6.172813e-02 9.901657e-01 5.467189e+00
1720164103.303627299 5.556737e-01 -8.216498e-01 1.269581e-01 -8.132365e+01 8.201812e-01 5.667480e-01 7.809887e-02 -1.241580e+01 -1.361232e-01 6.073116e-02 9.888287e-01 5.166237e+00
1720164104.687203326 6.038952e-01 -7.874397e-01 1.234881e-01 -8.025280e+01 7.850237e-01 6.144183e-01 7.891732e-02 -1.066761e+01 -1.380160e-01 4.928328e-02 9.892031e-01 4.939493e+00
1720164106.081627960 7.072805e-01 -6.955282e-01 1.264706e-01 -7.878292e+01 6.913997e-01 7.178766e-01 8.136163e-02 -9.216609e+00 -1.473796e-01 2.989621e-02 9.886281e-01 4.661995e+00
1720164107.584032599 8.397023e-01 -5.289754e-01 1.228210e-01 -7.716506e+01 5.245337e-01 8.486107e-01 6.873423e-02 -7.939436e+00 -1.405859e-01 6.707463e-03 9.900458e-01 4.381749e+00
1720164108.982233273 9.014967e-01 -4.154419e-01 1.212916e-01 -7.532487e+01 4.097034e-01 9.095191e-01 7.012973e-02 -6.952373e+00 -1.394518e-01 -1.352815e-02 9.901364e-01 4.113149e+00
1720164110.579539977 9.714056e-01 -2.076649e-01 1.150931e-01 -7.324671e+01 2.014389e-01 9.774442e-01 6.344418e-02 -6.494132e+00 -1.256722e-01 -3.844580e-02 9.913266e-01 3.839815e+00
1720164111.981179890 9.480299e-01 -2.974011e-01 1.131016e-01 -7.125660e+01 2.924614e-01 9.544925e-01 5.839828e-02 -6.042876e+00 -1.253223e-01 -2.228547e-02 9.918658e-01 3.592950e+00
1720164113.483032177 9.389554e-01 -3.257233e-01 1.107569e-01 -6.919127e+01 3.204068e-01 9.451613e-01 6.332208e-02 -5.466254e+00 -1.253086e-01 -2.396936e-02 9.918282e-01 3.341329e+00
1720164114.979885388 9.610512e-01 -2.540486e-01 1.088116e-01 -6.713456e+01 2.486591e-01 9.666839e-01 6.075210e-02 -4.967188e+00 -1.206204e-01 -3.132887e-02 9.922042e-01 3.079196e+00
1720164116.382284088 9.601491e-01 -2.583870e-01 1.065355e-01 -6.517518e+01 2.521688e-01 9.652602e-01 6.843792e-02 -4.592059e+00 -1.205179e-01 -3.884569e-02 9.919508e-01 2.852738e+00
1720164117.886311612 9.590681e-01 -2.634359e-01 1.038742e-01 -6.307274e+01 2.587623e-01 9.642930e-01 5.640150e-02 -4.146042e+00 -1.150233e-01 -2.721415e-02 9.929899e-01 2.589264e+00
1720164119.382750676 9.679488e-01 -2.283734e-01 1.045023e-01 -6.097116e+01 2.232526e-01 9.730048e-01 5.848042e-02 -3.697773e+00 -1.150366e-01 -3.327564e-02 9.928038e-01 2.365590e+00
1720164120.907743324 9.675917e-01 -2.317705e-01 1.002431e-01 -5.894275e+01 2.263658e-01 9.720384e-01 6.244920e-02 -3.338555e+00 -1.119140e-01 -3.773371e-02 9.930012e-01 2.134296e+00
1720164122.284364796 9.781710e-01 -1.845468e-01 9.551983e-02 -5.696464e+01 1.795470e-01 9.820023e-01 5.860303e-02 -2.989184e+00 -1.046157e-01 -4.017349e-02 9.937010e-01 1.921150e+00
1720164123.783682628 9.783475e-01 -1.817738e-01 9.896710e-02 -5.489883e+01 1.769925e-01 9.826634e-01 5.519363e-02 -2.765759e+00 -1.072841e-01 -3.648211e-02 9.935588e-01 1.735876e+00
1720164125.186473408 9.824352e-01 -1.584931e-01 9.849332e-02 -5.285477e+01 1.538303e-01 9.866584e-01 5.330503e-02 -2.505310e+00 -1.056277e-01 -3.721748e-02 9.937090e-01 1.540884e+00
1720164126.684498370 9.926792e-01 -7.555080e-02 9.423460e-02 -5.069807e+01 7.053292e-02 9.959647e-01 5.549313e-02 -2.389180e+00 -9.804687e-02 -4.844023e-02 9.940022e-01 1.358738e+00
1720164128.080153732 9.905046e-01 -1.019943e-01 9.218373e-02 -4.870160e+01 9.649311e-02 9.933824e-01 6.229410e-02 -2.324872e+00 -9.792733e-02 -5.280750e-02 9.937915e-01 1.164591e+00
1720164129.582484920 9.880922e-01 -1.261227e-01 8.813024e-02 -4.658849e+01 1.211192e-01 9.908226e-01 6.000546e-02 -2.182911e+00 -9.488948e-02 -4.861666e-02 9.943000e-01 9.759451e-01
1720164131.083872725 9.926608e-01 -8.744806e-02 8.353060e-02 -4.452198e+01 8.202876e-02 9.944256e-01 6.624944e-02 -2.121121e+00 -8.885834e-02 -5.891131e-02 9.943006e-01 8.139865e-01
1720164132.601283159 9.885337e-01 -1.238890e-01 8.632904e-02 -4.239585e+01 1.189327e-01 9.910644e-01 6.038565e-02 -1.984898e+00 -9.303874e-02 -4.942591e-02 9.944350e-01 6.154135e-01
1720164134.109017698 9.856103e-01 -1.429874e-01 9.014906e-02 -4.028433e+01 1.386023e-01 9.889187e-01 5.319005e-02 -1.801582e+00 -9.675559e-02 -3.992980e-02 9.945069e-01 4.572874e-01
1720164135.581745701 9.853481e-01 -1.493481e-01 8.236662e-02 -3.827480e+01 1.451961e-01 9.879108e-01 5.431632e-02 -1.589822e+00 -8.948290e-02 -4.156117e-02 9.951208e-01 2.988798e-01
1720164136.983634176 9.867679e-01 -1.430278e-01 7.636901e-02 -3.622472e+01 1.382171e-01 9.882687e-01 6.496983e-02 -1.437709e+00 -8.476559e-02 -5.355464e-02 9.949607e-01 1.355353e-01
1720164138.487533498 9.873012e-01 -1.389274e-01 7.704174e-02 -3.409384e+01 1.348946e-01 9.893149e-01 5.531193e-02 -1.266267e+00 -8.390288e-02 -4.421702e-02 9.954924e-01 -6.960220e-03
1720164139.978313231 9.903741e-01 -1.211397e-01 6.696550e-02 -3.199726e+01 1.169286e-01 9.911021e-01 6.359569e-02 -1.147224e+00 -7.407360e-02 -5.515334e-02 9.957265e-01 -1.613009e-01
1720164141.477994907 9.947704e-01 -7.755313e-02 6.646293e-02 -2.995377e+01 7.352881e-02 9.954259e-01 6.099807e-02 -1.061786e+00 -7.088951e-02 -5.579213e-02 9.959226e-01 -3.047700e-01
1720164142.885141676 9.935370e-01 -9.297189e-02 6.511949e-02 -2.795136e+01 8.931673e-02 9.943731e-01 5.696109e-02 -9.689275e-01 -7.004885e-02 -5.077669e-02 9.962504e-01 -4.185209e-01
1720164144.380401276 9.914708e-01 -1.174954e-01 5.639532e-02 -2.587014e+01 1.141924e-01 9.917285e-01 5.860563e-02 -8.371021e-01 -6.281473e-02 -5.166586e-02 9.966870e-01 -5.336886e-01
1720164145.806763901 9.943812e-01 -8.647526e-02 6.105791e-02 -2.384974e+01 8.289934e-02 9.948184e-01 5.885609e-02 -6.845808e-01 -6.583112e-02 -5.346373e-02 9.963975e-01 -6.354322e-01
1720164147.079529702 9.926878e-01 -1.000030e-01 6.760456e-02 -2.183649e+01 9.614784e-02 9.936721e-01 5.806396e-02 -5.828953e-01 -7.298333e-02 -5.113935e-02 9.960212e-01 -7.372836e-01
1720164148.587144210 9.905591e-01 -1.258749e-01 5.429647e-02 -1.980772e+01 1.233815e-01 9.912423e-01 4.707195e-02 -4.357954e-01 -5.974613e-02 -3.992837e-02 9.974147e-01 -8.630711e-01
1720164150.108898460 9.943933e-01 -9.230920e-02 5.158383e-02 -1.766223e+01 8.956551e-02 9.945597e-01 5.318847e-02 -2.496235e-01 -5.621298e-02 -4.827013e-02 9.972513e-01 -9.588830e-01
1720164151.580599553 9.974841e-01 -5.028573e-02 4.996835e-02 -1.555268e+01 4.754527e-02 9.973759e-01 5.459704e-02 -1.980927e-01 -5.258267e-02 -5.208392e-02 9.972574e-01 -1.054447e+00
1720164153.099234530 9.977379e-01 -4.977321e-02 4.518578e-02 -1.339391e+01 4.742366e-02 9.975381e-01 5.165987e-02 -2.214301e-01 -4.764581e-02 -4.940013e-02 9.976420e-01 -1.133213e+00
1720164154.586479662 9.972419e-01 -5.945630e-02 4.442433e-02 -1.124221e+01 5.699496e-02 9.968717e-01 5.475707e-02 -2.230661e-01 -4.754100e-02 -5.207408e-02 9.975110e-01 -1.208998e+00
1720164155.985685063 9.943512e-01 -9.849829e-02 3.954538e-02 -9.225642e+00 9.599572e-02 9.935197e-01 6.085508e-02 -2.026543e-01 -4.528323e-02 -5.671513e-02 9.973629e-01 -1.270336e+00
1720164157.485565841 9.921712e-01 -1.204606e-01 3.294877e-02 -7.041905e+00 1.184551e-01 9.913084e-01 5.723695e-02 -6.625090e-02 -3.955718e-02 -5.288590e-02 9.978168e-01 -1.355968e+00
1720164158.978580725 9.896804e-01 -1.390614e-01 3.456454e-02 -4.923389e+00 1.369251e-01 9.888839e-01 5.796624e-02 7.302338e-02 -4.224118e-02 -5.263530e-02 9.977200e-01 -1.403220e+00
1720164160.381242093 9.850334e-01 -1.691714e-01 3.301724e-02 -2.907340e+00 1.670250e-01 9.841539e-01 5.952927e-02 3.099037e-01 -4.256469e-02 -5.312362e-02 9.976804e-01 -1.482709e+00
1720164161.907998136 9.939394e-01 -1.073785e-01 2.354640e-02 -7.158997e-01 1.058849e-01 9.927163e-01 5.746956e-02 5.185681e-01 -2.954589e-02 -5.462805e-02 9.980695e-01 -1.534122e+00
1720164163.287565185 9.909643e-01 -1.312154e-01 2.778915e-02 1.356256e+00 1.293191e-01 9.896880e-01 6.159757e-02 6.274298e-01 -3.558514e-02 -5.744733e-02 9.977141e-01 -1.572715e+00
1720164164.480602303 9.810695e-01 1.922041e-01 2.366867e-02 3.356844e+00 -1.933297e-01 9.791654e-01 6.211961e-02 8.182613e-01 -1.123590e-02 -6.551951e-02 9.977880e-01 -1.609312e+00
1720164164.978284380 8.535218e-01 5.208310e-01 1.534770e-02 4.001728e+00 -5.208658e-01 8.520404e-01 5.221134e-02 5.669063e-01 1.411643e-02 -5.255760e-02 9.985181e-01 -1.596770e+00
1720164165.511425793 6.219362e-01 7.828620e-01 1.795603e-02 4.486236e+00 -7.823184e-01 6.201745e-01 5.797866e-02 1.323351e-02 3.425342e-02 -5.010635e-02 9.981563e-01 -1.577604e+00
1720164166.012654706 2.944080e-01 9.555917e-01 1.297990e-02 4.728671e+00 -9.544500e-01 2.933132e-01 5.470476e-02 -5.513015e-01 4.846824e-02 -2.849417e-02 9.984182e-01 -1.549730e+00
1720164167.585112553 1.079307e-01 9.940166e-01 1.679219e-02 5.054419e+00 -9.912531e-01 1.063096e-01 7.820208e-02 -2.631588e+00 7.594900e-02 -2.508571e-02 9.967961e-01 -1.388122e+00
1720164169.079731524 1.048042e-01 9.944158e-01 1.237880e-02 5.205553e+00 -9.924680e-01 1.037888e-01 6.507790e-02 -4.672934e+00 6.342971e-02 -1.910600e-02 9.978034e-01 -1.257619e+00
1720164170.484712384 1.303537e-01 9.913714e-01 1.380982e-02 5.338138e+00 -9.902390e-01 1.294863e-01 5.157470e-02 -6.716154e+00 4.934150e-02 -2.039797e-02 9.985737e-01 -1.097781e+00
1720164171.878334642 1.869327e-01 9.823197e-01 1.020271e-02 5.551973e+00 -9.804537e-01 1.859086e-01 6.440927e-02 -8.728843e+00 6.137373e-02 -2.204347e-02 9.978714e-01 -9.406945e-01
1720164173.384099468 2.388338e-01 9.709177e-01 1.664797e-02 5.917220e+00 -9.693143e-01 2.373416e-01 6.402213e-02 -1.087677e+01 5.820897e-02 -3.142776e-02 9.978096e-01 -7.827868e-01
1720164174.884579271 2.617904e-01 9.649977e-01 1.565727e-02 6.350189e+00 -9.627760e-01 2.599878e-01 7.395093e-02 -1.288996e+01 6.729178e-02 -3.443408e-02 9.971390e-01 -6.127010e-01
1720164176.383444611 2.213944e-01 9.751191e-01 1.128229e-02 6.840392e+00 -9.734900e-01 2.203132e-01 6.147547e-02 -1.508015e+01 5.746026e-02 -2.459352e-02 9.980448e-01 -4.581232e-01
1720164177.879426750 1.441471e-01 9.893938e-01 1.793337e-02 7.183200e+00 -9.873366e-01 1.425870e-01 6.953656e-02 -1.713103e+01 6.624198e-02 -2.772976e-02 9.974182e-01 -3.184680e-01
1720164179.281903898 1.714523e-01 9.851069e-01 1.297836e-02 7.410067e+00 -9.830577e-01 1.701992e-01 6.804196e-02 -1.911460e+01 6.481970e-02 -2.442442e-02 9.975980e-01 -1.680520e-01
1720164180.681525414 1.670943e-01 9.858151e-01 1.575085e-02 7.652341e+00 -9.830573e-01 1.653634e-01 7.907743e-02 -2.116017e+01 7.535111e-02 -2.869737e-02 9.967440e-01 3.911436e-02
1720164182.184137359 1.378158e-01 9.903930e-01 1.133848e-02 7.976760e+00 -9.874480e-01 1.364962e-01 7.946910e-02 -2.331798e+01 7.715798e-02 -2.214825e-02 9.967728e-01 2.211752e-01
1720164183.682670043 1.561254e-01 9.876806e-01 1.058216e-02 8.239185e+00 -9.844956e-01 1.547368e-01 8.261345e-02 -2.541944e+01 7.995825e-02 -2.331614e-02 9.965255e-01 4.002703e-01
1720164185.085267062 1.429321e-01 9.896488e-01 1.286836e-02 8.484252e+00 -9.859407e-01 1.412354e-01 8.929395e-02 -2.749345e+01 8.655218e-02 -2.545041e-02 9.959222e-01 6.222786e-01
1720164186.585312803 1.671280e-01 9.858317e-01 1.428331e-02 8.732340e+00 -9.822860e-01 1.652467e-01 8.836151e-02 -2.948102e+01 8.474931e-02 -2.879797e-02 9.959861e-01 8.086615e-01
1720164190.280983462 -2.119165e-01 9.771599e-01 1.580712e-02 8.847741e+00 -9.740108e-01 -2.125018e-01 7.839646e-02 -3.117432e+01 7.996492e-02 1.217204e-03 9.967969e-01 9.492946e-01
1720164191.081147754 -5.529469e-01 8.331167e-01 1.289621e-02 8.870489e+00 -8.295960e-01 -5.519196e-01 8.458867e-02 -3.125144e+01 7.758990e-02 3.607440e-02 9.963325e-01 9.561288e-01
1720164191.777615169 -8.094343e-01 5.871121e-01 1.074401e-02 8.836674e+00 -5.843800e-01 -8.071922e-01 8.331061e-02 -3.130224e+01 5.758515e-02 6.115588e-02 9.964657e-01 9.650337e-01
1720164192.486707621 -9.630751e-01 2.688865e-01 1.365196e-02 8.866087e+00 -2.668404e-01 -9.600338e-01 8.444682e-02 -3.129724e+01 3.581295e-02 7.768574e-02 9.963345e-01 9.580749e-01
1720164194.777435615 -8.032079e-01 5.955048e-01 1.519934e-02 8.953591e+00 -5.919015e-01 -8.007044e-01 9.233125e-02 -3.108241e+01 6.715388e-02 6.516469e-02 9.956123e-01 9.427893e-01
1720164195.180756901 -5.003541e-01 8.657565e-01 1.056053e-02 9.030228e+00 -8.621981e-01 -4.993381e-01 8.529852e-02 -3.101545e+01 7.912101e-02 3.357420e-02 9.962995e-01 9.345835e-01
1720164195.583925870 -1.313425e-01 9.912437e-01 1.360384e-02 9.007383e+00 -9.879225e-01 -1.320157e-01 8.112377e-02 -3.102282e+01 8.220934e-02 -2.784532e-03 9.966112e-01 9.365855e-01
1720164200.277989204 5.794262e-02 9.982848e-01 8.377030e-03 9.079356e+00 -9.950594e-01 5.707372e-02 8.123642e-02 -3.312374e+01 8.061897e-02 -1.304269e-02 9.966597e-01 1.111932e+00
1720164201.684419506 7.527620e-02 9.970539e-01 1.473423e-02 9.146659e+00 -9.933687e-01 7.369387e-02 8.824831e-02 -3.512381e+01 8.690249e-02 -2.127951e-02 9.959895e-01 1.306893e+00
1720164203.181321338 9.677238e-02 9.952479e-01 1.080115e-02 9.248844e+00 -9.915500e-01 9.545949e-02 8.784176e-02 -3.720730e+01 8.639326e-02 -1.921053e-02 9.960759e-01 1.499152e+00
1720164204.687331249 1.021147e-01 9.947211e-01 1.012988e-02 9.360587e+00 -9.907862e-01 1.007895e-01 9.046681e-02 -3.925593e+01 8.896826e-02 -1.927453e-02 9.958480e-01 1.711076e+00
1720164206.080942159 1.203491e-01 9.927241e-01 3.859105e-03 9.523541e+00 -9.887829e-01 1.195231e-01 8.956946e-02 -4.124882e+01 8.845651e-02 -1.459542e-02 9.959731e-01 1.877103e+00
1720164207.583411837 1.403058e-01 9.900241e-01 1.290267e-02 9.638164e+00 -9.862254e-01 1.385907e-01 9.028933e-02 -4.336959e+01 8.760042e-02 -2.539304e-02 9.958320e-01 2.098591e+00
1720164209.182735732 1.647883e-01 9.862728e-01 1.052846e-02 9.852904e+00 -9.818257e-01 1.630078e-01 9.719407e-02 -4.538726e+01 9.414364e-02 -2.635356e-02 9.952098e-01 2.289063e+00
1720164210.677953566 1.517612e-01 9.883283e-01 1.325772e-02 1.007260e+01 -9.845159e-01 1.499581e-01 9.078050e-02 -4.744518e+01 8.773283e-02 -2.682939e-02 9.957827e-01 2.489365e+00
1720164212.381495499 1.273960e-01 9.917769e-01 1.219945e-02 1.028390e+01 -9.872749e-01 1.256182e-01 9.751097e-02 -4.962054e+01 9.517665e-02 -2.446671e-02 9.951597e-01 2.687860e+00
1720164213.790202571 1.239205e-01 9.922546e-01 8.626874e-03 1.044441e+01 -9.877402e-01 1.225156e-01 9.674278e-02 -5.168037e+01 9.493654e-02 -2.050952e-02 9.952720e-01 2.899594e+00
1720164215.280668037 9.804431e-02 9.950095e-01 1.853292e-02 1.057421e+01 -9.901781e-01 9.566926e-02 1.019543e-01 -5.371302e+01 9.967248e-02 -2.834692e-02 9.946164e-01 3.097287e+00
1720164216.708887346 7.185296e-02 9.973621e-01 1.029313e-02 1.066513e+01 -9.917339e-01 7.033997e-02 1.073133e-01 -5.570469e+01 1.063062e-01 -1.791882e-02 9.941720e-01 3.314695e+00
1720164218.185036917 1.036649e-01 9.944823e-01 1.607896e-02 1.074174e+01 -9.892037e-01 1.014041e-01 1.057980e-01 -5.769418e+01 1.035837e-01 -2.687289e-02 9.942576e-01 3.531679e+00
1720164219.677861558 6.131108e-02 9.978977e-01 2.100493e-02 1.074019e+01 -9.925030e-01 5.872339e-02 1.071888e-01 -5.969578e+01 1.057300e-01 -2.741931e-02 9.940168e-01 3.725510e+00
1720164221.213306678 8.521153e-02 9.962876e-01 1.225205e-02 1.078077e+01 -9.903871e-01 8.334930e-02 1.103917e-01 -6.176667e+01 1.089607e-01 -2.154091e-02 9.938126e-01 4.003695e+00
1720164222.693350408 8.777964e-02 9.960815e-01 1.079210e-02 1.088263e+01 -9.889386e-01 8.583960e-02 1.209627e-01 -6.380804e+01 1.195623e-01 -2.129078e-02 9.925984e-01 4.231024e+00
1720164224.381315706 -1.917754e-01 9.813365e-01 1.416895e-02 1.070542e+01 -9.740443e-01 -1.920796e-01 1.197631e-01 -6.592365e+01 1.202495e-01 9.166447e-03 9.927014e-01 4.458890e+00
1720164225.881919175 -3.232807e-01 9.462276e-01 1.195306e-02 1.010413e+01 -9.400569e-01 -3.225701e-01 1.106412e-01 -6.785206e+01 1.085474e-01 2.453160e-02 9.937885e-01 4.726193e+00
1720164227.479342101 -5.871413e-01 8.094758e-01 3.747541e-03 8.870113e+00 -8.044603e-01 -5.840059e-01 1.085390e-01 -6.948952e+01 9.004831e-02 6.071301e-02 9.940851e-01 4.914785e+00
1720164228.178802372 -8.457047e-01 5.336288e-01 4.889128e-03 8.029311e+00 -5.296893e-01 -8.405051e-01 1.139320e-01 -7.023136e+01 6.490673e-02 9.376311e-02 9.934765e-01 5.052320e+00
1720164229.785642809 -8.980511e-01 4.396913e-01 1.325735e-02 6.141469e+00 -4.355674e-01 -8.930353e-01 1.130000e-01 -7.102528e+01 6.152437e-02 9.570527e-02 9.935065e-01 5.204886e+00
1720164231.179063024 -9.740432e-01 2.255539e-01 1.911433e-02 4.127142e+00 -2.223610e-01 -9.692146e-01 1.057293e-01 -7.163621e+01 4.237354e-02 9.873461e-02 9.942112e-01 5.281046e+00
1720164232.685962565 -9.853368e-01 1.694953e-01 1.956499e-02 2.114269e+00 -1.660739e-01 -9.790482e-01 1.178303e-01 -7.203893e+01 3.912675e-02 1.128533e-01 9.928410e-01 5.367298e+00
1720164234.079358552 -9.935896e-01 1.117121e-01 1.732421e-02 1.097528e-01 -1.087591e-01 -9.864159e-01 1.231063e-01 -7.234084e+01 3.084134e-02 1.204330e-01 9.922423e-01 5.439709e+00
1720164235.486184646 -9.934201e-01 1.119926e-01 2.396089e-02 -1.910944e+00 -1.082383e-01 -9.864673e-01 1.231534e-01 -7.242887e+01 3.742889e-02 1.197496e-01 9.920983e-01 5.496042e+00
1720164236.881118244 -9.909328e-01 1.317222e-01 2.648347e-02 -3.967509e+00 -1.278301e-01 -9.849839e-01 1.160440e-01 -7.257212e+01 4.137136e-02 1.116064e-01 9.928909e-01 5.538591e+00
1720164238.378219005 -9.805866e-01 1.937787e-01 2.999700e-02 -6.037568e+00 -1.884333e-01 -9.735442e-01 1.292466e-01 -7.280647e+01 5.424864e-02 1.210850e-01 9.911587e-01 5.646792e+00
1720164239.780018301 -9.627143e-01 2.686549e-01 3.171350e-02 -8.029121e+00 -2.634142e-01 -9.576550e-01 1.162322e-01 -7.316164e+01 6.159694e-02 1.035446e-01 9.927156e-01 5.744843e+00
1720164241.185252402 -9.548394e-01 2.949076e-01 3.621068e-02 -1.000950e+01 -2.884721e-01 -9.493234e-01 1.247758e-01 -7.360680e+01 7.117297e-02 1.086951e-01 9.915240e-01 5.873030e+00
1720164242.604744316 -9.637243e-01 2.638220e-01 4.041585e-02 -1.200974e+01 -2.573561e-01 -9.586794e-01 1.212500e-01 -7.407519e+01 7.073425e-02 1.064503e-01 9.917989e-01 6.008389e+00
1720164244.079933105 -9.650609e-01 2.588954e-01 4.038057e-02 -1.410312e+01 -2.522754e-01 -9.596989e-01 1.238349e-01 -7.451624e+01 7.081347e-02 1.093212e-01 9.914809e-01 6.142380e+00
1720164245.578495362 -9.621287e-01 2.689470e-01 4.444981e-02 -1.614776e+01 -2.621430e-01 -9.575743e-01 1.197186e-01 -7.500256e+01 7.476194e-02 1.035325e-01 9.918123e-01 6.299237e+00
1720164246.986274297 -9.766447e-01 2.088500e-01 5.046530e-02 -1.818732e+01 -2.017744e-01 -9.722216e-01 1.186262e-01 -7.536876e+01 7.383852e-02 1.056730e-01 9.916557e-01 6.439738e+00
1720164248.478237171 -9.795881e-01 1.941956e-01 5.191575e-02 -2.030873e+01 -1.863757e-01 -9.741890e-01 1.273574e-01 -7.573562e+01 7.530800e-02 1.150820e-01 9.904973e-01 6.621005e+00
1720164249.982808646 -9.771835e-01 2.058114e-01 5.248003e-02 -2.236605e+01 -1.980947e-01 -9.722597e-01 1.243769e-01 -7.600713e+01 7.662241e-02 1.111431e-01 9.908462e-01 6.772008e+00
1720164251.982150301 -9.790194e-01 -1.961913e-01 5.504534e-02 -2.279296e+01 2.015613e-01 -9.720572e-01 1.203239e-01 -7.605227e+01 2.990070e-02 1.288945e-01 9.912074e-01 6.795297e+00
1720164252.580709530 -8.257213e-01 -5.614345e-01 5.454890e-02 -2.282216e+01 5.634441e-01 -8.163434e-01 1.269414e-01 -7.612074e+01 -2.673863e-02 1.355535e-01 9.904092e-01 6.812235e+00
1720164253.088709967 -5.807104e-01 -8.123620e-01 5.332411e-02 -2.283457e+01 8.107434e-01 -5.711161e-01 1.285360e-01 -7.612364e+01 -7.396349e-02 1.178743e-01 9.902702e-01 6.826282e+00
1720164253.680340832 -2.408510e-01 -9.689842e-01 5.532086e-02 -2.271642e+01 9.646489e-01 -2.327121e-01 1.236832e-01 -7.609882e+01 -1.069732e-01 8.315441e-02 9.907785e-01 6.795449e+00
1720164256.181413290 -5.676172e-01 -8.210834e-01 6.027234e-02 -2.275178e+01 8.213730e-01 -5.597778e-01 1.095229e-01 -7.621185e+01 -5.618829e-02 1.116731e-01 9.921552e-01 6.794998e+00
1720164256.778271145 -8.375509e-01 -5.432434e-01 5.826736e-02 -2.271469e+01 5.461947e-01 -8.299063e-01 1.136960e-01 -7.627075e+01 -1.340814e-02 1.270515e-01 9.918055e-01 6.808803e+00
1720164257.297430552 -9.726615e-01 -2.248717e-01 5.798620e-02 -2.270495e+01 2.303551e-01 -9.659027e-01 1.181881e-01 -7.628572e+01 2.943185e-02 1.283145e-01 9.912967e-01 6.808662e+00
1720164257.782983672 -9.912959e-01 1.175095e-01 5.936333e-02 -2.269621e+01 -1.099399e-01 -9.869361e-01 1.177725e-01 -7.626376e+01 7.242719e-02 1.102210e-01 9.912647e-01 6.803501e+00
1720164261.298986568 -9.786184e-01 1.966774e-01 6.019930e-02 -2.471338e+01 -1.885130e-01 -9.747153e-01 1.199708e-01 -7.652320e+01 8.227273e-02 1.060573e-01 9.909506e-01 7.009096e+00
1720164263.077304645 -9.903873e-01 1.266072e-01 5.570978e-02 -2.674914e+01 -1.194881e-01 -9.859734e-01 1.165289e-01 -7.689609e+01 6.968176e-02 1.087521e-01 9.916236e-01 7.218370e+00
1720164264.681146889 -9.939250e-01 9.797163e-02 5.014582e-02 -2.878946e+01 -9.162249e-02 -9.889904e-01 1.162034e-01 -7.688991e+01 6.097836e-02 1.109030e-01 9.919588e-01 7.284631e+00
1720164266.082351979 -9.972126e-01 -4.787094e-02 5.723050e-02 -3.096096e+01 5.449815e-02 -9.912174e-01 1.204905e-01 -7.682484e+01 5.095987e-02 1.232736e-01 9.910634e-01 7.425056e+00
1720164267.485555538 -9.873808e-01 -1.451325e-01 6.336944e-02 -3.299957e+01 1.519184e-01 -9.810541e-01 1.202231e-01 -7.651151e+01 4.472056e-02 1.283330e-01 9.907223e-01 7.546766e+00
1720164268.900783498 -9.816547e-01 -1.772372e-01 7.029201e-02 -3.499827e+01 1.849053e-01 -9.748807e-01 1.241679e-01 -7.612600e+01 4.651914e-02 1.348874e-01 9.897683e-01 7.652052e+00
1720164270.380917917 -9.339985e-01 -3.496516e-01 7.342041e-02 -3.698731e+01 3.564534e-01 -9.259021e-01 1.250852e-01 -7.552660e+01 2.424387e-02 1.430003e-01 9.894257e-01 7.722195e+00
1720164271.878471733 -9.581828e-01 -2.757746e-01 7.638143e-02 -3.904347e+01 2.835106e-01 -9.510955e-01 1.226343e-01 -7.469327e+01 3.882661e-02 1.391610e-01 9.895083e-01 7.786655e+00
1720164273.276913922 -9.659883e-01 -2.465868e-01 7.785534e-02 -4.094482e+01 2.545320e-01 -9.598265e-01 1.180953e-01 -7.407159e+01 4.560687e-02 1.338954e-01 9.899455e-01 7.898393e+00
1720164274.779798936 -8.763573e-01 -4.730541e-01 9.065136e-02 -4.302400e+01 4.811271e-01 -8.686053e-01 1.184968e-01 -7.331207e+01 2.268486e-02 1.474603e-01 9.888078e-01 7.962159e+00
1720164276.180830708 -9.121440e-01 -3.992214e-01 9.282007e-02 -4.484953e+01 4.079975e-01 -9.060094e-01 1.126275e-01 -7.231935e+01 3.913254e-02 1.406029e-01 9.892924e-01 8.020401e+00
1720164277.580038400 -9.319229e-01 -3.504943e-01 9.313140e-02 -4.666495e+01 3.594342e-01 -9.268242e-01 1.086460e-01 -7.142252e+01 4.823664e-02 1.347243e-01 9.897083e-01 8.101451e+00
1720164279.079528324 -9.618881e-01 -2.570493e-01 9.325768e-02 -4.867811e+01 2.662618e-01 -9.581203e-01 1.054051e-01 -7.069391e+01 6.225776e-02 1.262188e-01 9.900469e-01 8.237765e+00
1720164280.789015349 -9.240107e-01 -3.678336e-01 1.044154e-01 -5.064274e+01 3.778401e-01 -9.202622e-01 1.017563e-01 -7.013974e+01 5.866018e-02 1.334762e-01 9.893144e-01 8.388246e+00
1720164285.697335117 -7.520345e-01 -6.544636e-01 7.824021e-02 -5.179373e+01 6.587986e-01 -7.426209e-01 1.204104e-01 -6.946080e+01 -2.070141e-02 1.420973e-01 9.896362e-01 8.365969e+00
1720164286.580226713 -4.589910e-01 -8.850593e-01 7.744191e-02 -5.182180e+01 8.855835e-01 -4.487880e-01 1.197131e-01 -6.949556e+01 -7.119819e-02 1.235285e-01 9.897836e-01 8.376995e+00
1720164287.284772494 -1.183134e-01 -9.901152e-01 7.532500e-02 -5.182166e+01 9.865070e-01 -1.085589e-01 1.225518e-01 -6.946663e+01 -1.131632e-01 8.880815e-02 9.895995e-01 8.374900e+00
1720164291.208404019 -4.702129e-01 -8.790098e-01 7.900336e-02 -5.171999e+01 8.797980e-01 -4.597956e-01 1.205961e-01 -6.952468e+01 -6.967980e-02 1.262129e-01 9.895530e-01 8.353206e+00
1720164291.979058981 -7.576690e-01 -6.481691e-01 7.625298e-02 -5.171804e+01 6.523208e-01 -7.484650e-01 1.194893e-01 -6.949996e+01 -2.037659e-02 1.402747e-01 9.899029e-01 8.353908e+00
1720164292.879962804 -9.409898e-01 -3.299010e-01 7.552200e-02 -5.171270e+01 3.370172e-01 -9.338236e-01 1.199706e-01 -6.956336e+01 3.094580e-02 1.383433e-01 9.899007e-01 8.381478e+00
1720164297.177759159 -9.421090e-01 -3.206121e-01 9.817585e-02 -5.370614e+01 3.309163e-01 -9.362527e-01 1.180052e-01 -6.903399e+01 5.408352e-02 1.436617e-01 9.881479e-01 8.492435e+00
1720164298.898577276 -9.452725e-01 -3.096021e-01 1.029876e-01 -5.568333e+01 3.215893e-01 -9.373892e-01 1.337233e-01 -6.822766e+01 5.513847e-02 1.595247e-01 9.856529e-01 8.621974e+00
1720164300.385404686 -9.560890e-01 -2.767306e-01 9.650892e-02 -5.758401e+01 2.880375e-01 -9.480434e-01 1.350855e-01 -6.744902e+01 5.411235e-02 1.569519e-01 9.861227e-01 8.724759e+00
1720164301.876943572 -9.670691e-01 -2.381171e-01 8.987584e-02 -5.955754e+01 2.481722e-01 -9.605602e-01 1.254382e-01 -6.682586e+01 5.646216e-02 1.436121e-01 9.880221e-01 8.832152e+00
1720164303.303516306 -9.615166e-01 -2.585362e-01 9.297833e-02 -6.153831e+01 2.685477e-01 -9.558525e-01 1.192815e-01 -6.624093e+01 5.803499e-02 1.396602e-01 9.884973e-01 8.973814e+00
1720164304.683008998 -9.579584e-01 -2.680704e-01 1.022450e-01 -6.345507e+01 2.795262e-01 -9.523514e-01 1.220325e-01 -6.544889e+01 6.465982e-02 1.454822e-01 9.872457e-01 9.046965e+00
1720164306.206830228 -9.640794e-01 -2.471961e-01 9.718548e-02 -6.536561e+01 2.585351e-01 -9.572260e-01 1.299151e-01 -6.480041e+01 6.091396e-02 1.503743e-01 9.867508e-01 9.187392e+00
1720164308.802856297 -8.133680e-01 -5.732619e-01 9.901122e-02 -6.571077e+01 5.816490e-01 -8.045255e-01 1.200963e-01 -6.468621e+01 1.081040e-02 1.552723e-01 9.878126e-01 9.211479e+00
1720164309.378566261 -5.484447e-01 -8.304380e-01 9.788356e-02 -6.578466e+01 8.346110e-01 -5.364642e-01 1.250228e-01 -6.460017e+01 -5.131264e-02 1.502628e-01 9.873136e-01 9.204731e+00
1720164309.881377126 -2.355953e-01 -9.665854e-01 1.010322e-01 -6.580562e+01 9.666299e-01 -2.222981e-01 1.273194e-01 -6.458335e+01 -1.006058e-01 1.276566e-01 9.867027e-01 9.206144e+00
1720164310.480340258 1.577440e-01 -9.821560e-01 1.024034e-01 -6.578539e+01 9.772739e-01 1.701430e-01 1.264402e-01 -6.452653e+01 -1.416072e-01 8.013098e-02 9.866744e-01 9.201851e+00
1720164313.083335579 -2.027576e-01 -9.738940e-01 1.020778e-01 -6.569098e+01 9.749060e-01 -1.909784e-01 1.143923e-01 -6.469602e+01 -9.191131e-02 1.227101e-01 9.881774e-01 9.220587e+00
1720164313.587697534 -5.547238e-01 -8.258531e-01 1.012333e-01 -6.565044e+01 8.309303e-01 -5.436053e-01 1.185250e-01 -6.474805e+01 -4.285333e-02 1.498665e-01 9.877771e-01 9.230976e+00
1720164314.104034070 -8.254660e-01 -5.556605e-01 9.923350e-02 -6.564540e+01 5.642728e-01 -8.167787e-01 1.202857e-01 -6.474851e+01 1.421377e-02 1.552866e-01 9.877672e-01 9.220852e+00
1720164314.979273829 -9.640469e-01 -2.473642e-01 9.707988e-02 -6.570779e+01 2.579238e-01 -9.589514e-01 1.178455e-01 -6.481888e+01 6.394411e-02 1.386478e-01 9.882752e-01 9.234655e+00
1720164318.477582710 -9.697750e-01 -2.197374e-01 1.060750e-01 -6.764845e+01 2.315017e-01 -9.659586e-01 1.154595e-01 -6.429740e+01 7.709330e-02 1.365263e-01 9.876321e-01 9.391021e+00
1720164320.306473406 -9.759214e-01 -1.979231e-01 9.167310e-02 -6.977717e+01 2.081252e-01 -9.707378e-01 1.197999e-01 -6.363069e+01 6.527938e-02 1.359947e-01 9.885565e-01 9.554162e+00
1720164321.981132603 -9.759864e-01 -1.917198e-01 1.034126e-01 -7.177158e+01 2.037065e-01 -9.714613e-01 1.215178e-01 -6.315157e+01 7.716396e-02 1.396655e-01 9.871876e-01 9.715824e+00
1720164323.409094897 -9.749136e-01 -1.999825e-01 9.772659e-02 -7.374810e+01 2.110805e-01 -9.699725e-01 1.208234e-01 -6.261569e+01 7.062953e-02 1.384206e-01 9.878518e-01 9.881667e+00
1720164324.782789202 -9.038167e-01 -4.125641e-01 1.136054e-01 -7.568510e+01 4.247129e-01 -8.972946e-01 1.203383e-01 -6.183926e+01 5.229023e-02 1.570135e-01 9.862112e-01 1.004709e+01
1720164326.181802854 -8.058953e-01 -5.836777e-01 9.926250e-02 -7.739678e+01 5.918952e-01 -7.982017e-01 1.119560e-01 -6.070111e+01 1.388526e-02 1.489778e-01 9.887430e-01 1.008125e+01
1720164327.590189089 -5.775294e-01 -8.094572e-01 1.060138e-01 -7.872162e+01 8.156208e-01 -5.665516e-01 1.173969e-01 -5.916347e+01 -3.496552e-02 1.542672e-01 9.874103e-01 1.011146e+01
1720164329.081202560 -4.253660e-01 -8.985439e-01 1.080867e-01 -7.964123e+01 9.027958e-01 -4.129122e-01 1.202631e-01 -5.731964e+01 -6.343136e-02 1.487361e-01 9.868404e-01 9.994666e+00
1720164330.682442857 -4.051185e-01 -9.070915e-01 1.142980e-01 -8.047629e+01 9.123764e-01 -3.930804e-01 1.142680e-01 -5.530252e+01 -5.872324e-02 1.505749e-01 9.868530e-01 9.861403e+00
1720164332.077091413 -2.289947e-01 -9.666039e-01 1.150583e-01 -8.109435e+01 9.699144e-01 -2.165354e-01 1.112589e-01 -5.338659e+01 -8.262904e-02 1.370744e-01 9.871084e-01 9.782858e+00
1720164333.479078208 -2.178335e-01 -9.693083e-01 1.139739e-01 -8.149208e+01 9.725199e-01 -2.057418e-01 1.089737e-01 -5.138261e+01 -8.217988e-02 1.345800e-01 9.874891e-01 9.593261e+00
1720164334.880610105 -1.911457e-01 -9.753363e-01 1.103742e-01 -8.183905e+01 9.776132e-01 -1.790936e-01 1.104440e-01 -4.938587e+01 -8.795272e-02 1.290142e-01 9.877346e-01 9.429911e+00
1720164336.377177483 -2.044332e-01 -9.718857e-01 1.168127e-01 -8.218141e+01 9.756802e-01 -1.926672e-01 1.045342e-01 -4.731418e+01 -7.908929e-02 1.353421e-01 9.876373e-01 9.268052e+00
1720164337.794766146 -1.562442e-01 -9.808900e-01 1.159420e-01 -8.243055e+01 9.843723e-01 -1.449842e-01 9.995401e-02 -4.520652e+01 -8.123412e-02 1.297474e-01 9.882139e-01 9.085440e+00
1720164339.284992325 -1.875762e-01 -9.754887e-01 1.150525e-01 -8.272734e+01 9.793819e-01 -1.767965e-01 9.774466e-02 -4.306766e+01 -7.500794e-02 1.310149e-01 9.885388e-01 8.947781e+00
1720164340.880639444 -2.027138e-01 -9.723826e-01 1.156688e-01 -8.310142e+01 9.769830e-01 -1.928194e-01 9.124092e-02 -4.086716e+01 -6.641789e-02 1.315023e-01 9.890884e-01 8.788964e+00
1720164342.284965059 2.299433e-02 -9.935489e-01 1.110492e-01 -8.312063e+01 9.954090e-01 3.307612e-02 8.981591e-02 -3.886478e+01 -9.290956e-02 1.084741e-01 9.897480e-01 8.633590e+00
1720164343.682450816 1.885232e-01 -9.764628e-01 1.047826e-01 -8.299816e+01 9.763489e-01 1.978540e-01 8.715846e-02 -3.656087e+01 -1.058386e-01 8.587296e-02 9.906685e-01 8.426064e+00
1720164344.185899572 5.204854e-01 -8.459206e-01 1.162465e-01 -8.285950e+01 8.431202e-01 5.306826e-01 8.674283e-02 -3.591372e+01 -1.350675e-01 5.286141e-02 9.894253e-01 8.338083e+00
1720164345.689569423 7.740453e-01 -6.238353e-01 1.080897e-01 -8.129512e+01 6.185756e-01 7.815445e-01 8.094662e-02 -3.459154e+01 -1.349743e-01 4.205316e-03 9.908402e-01 8.070224e+00
1720164347.084189610 7.853681e-01 -6.108207e-01 1.004739e-01 -7.971457e+01 6.070409e-01 7.917345e-01 6.824898e-02 -3.339158e+01 -1.212366e-01 7.391203e-03 9.925961e-01 7.811415e+00
1720164347.987556591 9.533483e-01 -2.821178e-01 1.074087e-01 -7.857988e+01 2.736030e-01 9.578609e-01 8.742960e-02 -3.262877e+01 -1.275480e-01 -5.396351e-02 9.903633e-01 7.638550e+00
1720164349.576612197 9.675220e-01 -2.281606e-01 1.088297e-01 -7.656877e+01 2.208287e-01 9.723940e-01 7.539654e-02 -3.239613e+01 -1.230278e-01 -4.891509e-02 9.911970e-01 7.394909e+00
1720164350.992760785 9.582751e-01 -2.666283e-01 1.030444e-01 -7.454082e+01 2.592316e-01 9.625161e-01 7.976049e-02 -3.195172e+01 -1.204483e-01 -4.972013e-02 9.914737e-01 7.158933e+00
1720164352.477753481 9.596889e-01 -2.613149e-01 1.034970e-01 -7.259982e+01 2.538354e-01 9.639285e-01 8.005888e-02 -3.149440e+01 -1.206842e-01 -5.056042e-02 9.914025e-01 6.925790e+00
1720164353.886171481 9.568982e-01 -2.724523e-01 1.005761e-01 -7.059003e+01 2.663424e-01 9.613245e-01 7.012078e-02 -3.103529e+01 -1.157908e-01 -4.031077e-02 9.924553e-01 6.695093e+00
1720164355.383057880 9.628725e-01 -2.519102e-01 9.704570e-02 -6.843817e+01 2.460943e-01 9.668547e-01 6.804140e-02 -3.052003e+01 -1.109694e-01 -4.163280e-02 9.929514e-01 6.481194e+00
1720164356.879555200 9.601853e-01 -2.646046e-01 8.960287e-02 -6.643123e+01 2.572372e-01 9.625262e-01 8.586255e-02 -3.006266e+01 -1.089647e-01 -5.939477e-02 9.922696e-01 6.279623e+00
1720164358.380070518 9.678421e-01 -2.243476e-01 1.137975e-01 -6.442920e+01 2.190970e-01 9.740436e-01 5.688262e-02 -2.964404e+01 -1.236052e-01 -3.012071e-02 9.918742e-01 6.018777e+00
1720164359.781021269 9.767598e-01 -1.892641e-01 1.005950e-01 -6.230589e+01 1.822811e-01 9.804073e-01 7.466637e-02 -2.927897e+01 -1.127557e-01 -5.459454e-02 9.921218e-01 5.767585e+00
1720164361.286496284 9.725534e-01 -2.063557e-01 1.075041e-01 -6.033217e+01 2.002008e-01 9.775750e-01 6.532008e-02 -2.900727e+01 -1.185725e-01 -4.200485e-02 9.920565e-01 5.520291e+00
1720164362.788276464 9.680037e-01 -2.250125e-01 1.110772e-01 -5.816978e+01 2.186822e-01 9.735362e-01 6.637337e-02 -2.861244e+01 -1.230725e-01 -3.995907e-02 9.915929e-01 5.278433e+00
1720164364.277742298 9.752526e-01 -1.952956e-01 1.036436e-01 -5.605053e+01 1.888053e-01 9.795725e-01 6.921203e-02 -2.829560e+01 -1.150432e-01 -4.793075e-02 9.922035e-01 5.068740e+00
1720164365.679412653 9.713567e-01 -2.162892e-01 9.841345e-02 -5.399179e+01 2.103846e-01 9.753207e-01 6.699083e-02 -2.799821e+01 -1.104741e-01 -4.436732e-02 9.928882e-01 4.882808e+00
1720164367.177111533 9.671590e-01 -2.344541e-01 9.815707e-02 -5.197589e+01 2.283563e-01 9.710949e-01 6.948405e-02 -2.766590e+01 -1.116107e-01 -4.478733e-02 9.927422e-01 4.696234e+00
1720164368.884886103 9.667930e-01 -2.395764e-01 8.896321e-02 -5.001036e+01 2.342355e-01 9.699077e-01 6.642935e-02 -2.725306e+01 -1.022010e-01 -4.338509e-02 9.938172e-01 4.477384e+00
1720164370.477611713 9.801400e-01 -1.781790e-01 8.705075e-02 -4.802592e+01 1.728422e-01 9.827709e-01 6.547436e-02 -2.689767e+01 -9.721709e-02 -4.912800e-02 9.940499e-01 4.302347e+00
1720164371.979163454 9.873401e-01 -1.305385e-01 9.010700e-02 -4.584141e+01 1.241801e-01 9.895772e-01 7.291241e-02 -2.680900e+01 -9.868570e-02 -6.079984e-02 9.932595e-01 4.092528e+00
1720164373.878036356 9.844888e-01 -1.534902e-01 8.498527e-02 -4.378494e+01 1.482320e-01 9.868076e-01 6.509969e-02 -2.656395e+01 -9.385626e-02 -5.149238e-02 9.942533e-01 3.928386e+00
1720164376.302925389 9.818620e-01 -1.771423e-01 6.758363e-02 -4.173821e+01 1.729851e-01 9.829000e-01 6.311745e-02 -2.635553e+01 -7.760871e-02 -5.028166e-02 9.957151e-01 3.745657e+00
1720164378.181135274 9.747639e-01 -2.092408e-01 7.780568e-02 -3.971658e+01 2.041967e-01 9.765631e-01 6.803112e-02 -2.614101e+01 -9.021703e-02 -5.042660e-02 9.946447e-01 3.609834e+00
1720164379.876265206 9.697940e-01 -2.346450e-01 6.664353e-02 -3.768442e+01 2.298499e-01 9.705313e-01 7.237451e-02 -2.575416e+01 -8.166194e-02 -5.487035e-02 9.951485e-01 3.451612e+00
1720164381.685663727 9.630658e-01 -2.619906e-01 6.216990e-02 -3.549811e+01 2.578554e-01 9.638364e-01 6.730562e-02 -2.537759e+01 -7.755504e-02 -4.878891e-02 9.957936e-01 3.288404e+00
1720164383.377028003 9.841904e-01 -1.670458e-01 5.886349e-02 -3.351610e+01 1.636644e-01 9.847948e-01 5.825169e-02 -2.506889e+01 -6.769914e-02 -4.769690e-02 9.965650e-01 3.185139e+00
1720164385.006563225 9.786994e-01 -1.959944e-01 6.110414e-02 -3.149310e+01 1.920845e-01 9.792613e-01 6.442701e-02 -2.480982e+01 -7.246424e-02 -5.131751e-02 9.960499e-01 3.079767e+00
1720164386.576386241 9.765716e-01 -2.070454e-01 5.865292e-02 -2.944743e+01 2.032806e-01 9.770111e-01 6.423550e-02 -2.452747e+01 -7.060421e-02 -5.080755e-02 9.962096e-01 2.979468e+00
1720164388.505294721 9.724833e-01 -2.285062e-01 4.539981e-02 -2.739847e+01 2.255659e-01 9.722615e-01 6.186742e-02 -2.420270e+01 -5.827757e-02 -4.992438e-02 9.970513e-01 2.908742e+00
1720164390.077230373 9.647957e-01 -2.590986e-01 4.513500e-02 -2.533587e+01 2.562613e-01 9.647275e-01 6.025795e-02 -2.382346e+01 -5.915572e-02 -4.657026e-02 9.971619e-01 2.799804e+00
1720164391.577499895 9.174854e-01 -3.940159e-01 5.451546e-02 -2.333784e+01 3.893429e-01 9.176356e-01 7.973139e-02 -2.317911e+01 -8.144076e-02 -5.192718e-02 9.953246e-01 2.682601e+00
1720164393.180135978 9.586585e-01 -2.787340e-01 5.728270e-02 -2.133555e+01 2.740769e-01 9.585766e-01 7.754194e-02 -2.266299e+01 -7.652343e-02 -5.863637e-02 9.953421e-01 2.524505e+00
1720164394.582340621 9.676047e-01 -2.461101e-01 5.631182e-02 -1.933793e+01 2.407839e-01 9.666430e-01 8.731812e-02 -2.213379e+01 -7.592330e-02 -7.093044e-02 9.945876e-01 2.398398e+00
1720164395.997485832 9.677532e-01 -2.438674e-01 6.310684e-02 -1.732735e+01 2.386227e-01 9.677704e-01 8.049628e-02 -2.179068e+01 -8.070335e-02 -6.284181e-02 9.947552e-01 2.282191e+00
1720164397.482166553 9.783813e-01 -1.948203e-01 6.939147e-02 -1.528656e+01 1.884660e-01 9.780654e-01 8.870516e-02 -2.144178e+01 -8.515095e-02 -7.370954e-02 9.936379e-01 2.169689e+00
1720164398.975887092 9.860379e-01 -1.495493e-01 7.324086e-02 -1.326520e+01 1.431341e-01 9.859444e-01 8.617616e-02 -2.121075e+01 -8.509899e-02 -7.448970e-02 9.935841e-01 1.964940e+00
1720164400.379779225 9.906175e-01 -1.207205e-01 6.405956e-02 -1.111545e+01 1.151650e-01 9.897629e-01 8.429941e-02 -2.106057e+01 -7.358044e-02 -7.613104e-02 9.943792e-01 1.827185e+00
1720164401.981961130 9.883626e-01 -1.393786e-01 6.093387e-02 -8.982121e+00 1.342538e-01 9.875998e-01 8.137920e-02 -2.098960e+01 -7.152079e-02 -7.225155e-02 9.948188e-01 1.737075e+00
1720164403.482810741 9.844257e-01 -1.637535e-01 6.395974e-02 -6.881175e+00 1.581754e-01 9.838081e-01 8.427383e-02 -2.075719e+01 -7.672424e-02 -7.284447e-02 9.943878e-01 1.645374e+00
1720164404.982772857 9.702386e-01 -2.361766e-01 5.345787e-02 -4.815902e+00 2.318997e-01 9.697931e-01 7.565589e-02 -2.040088e+01 -6.971122e-02 -6.100739e-02 9.957000e-01 1.495415e+00
1720164406.382734853 9.599847e-01 -2.751413e-01 5.221826e-02 -2.834788e+00 2.703940e-01 9.591679e-01 8.296978e-02 -2.005635e+01 -7.291448e-02 -6.553021e-02 9.951830e-01 1.354854e+00
1720164407.283377162 7.878729e-01 -6.136474e-01 5.189554e-02 -1.796348e+00 6.085775e-01 7.887165e-01 8.694635e-02 -1.967359e+01 -9.428527e-02 -3.692022e-02 9.948604e-01 1.314581e+00
1720164408.177906706 5.370358e-01 -8.412897e-01 6.183978e-02 -9.191514e-01 8.363649e-01 5.405768e-01 9.094214e-02 -1.891887e+01 -1.099378e-01 2.881432e-03 9.939343e-01 1.229460e+00
1720164409.580478469 3.570022e-01 -9.328548e-01 4.828333e-02 1.761746e-01 9.292481e-01 3.599352e-01 8.333383e-02 -1.724603e+01 -9.511723e-02 1.511682e-02 9.953513e-01 1.070328e+00
1720164410.998931814 1.916028e-01 -9.801339e-01 5.124356e-02 9.751273e-01 9.760327e-01 1.957704e-01 9.504823e-02 -1.534748e+01 -1.031920e-01 3.180387e-02 9.941529e-01 9.288263e-01
1720164412.275677598 -1.789784e-01 -9.828143e-01 4.519775e-02 1.296012e+00 9.810167e-01 -1.747882e-01 8.399529e-02 -1.361789e+01 -7.465174e-02 5.937308e-02 9.954406e-01 7.933046e-01
1720164413.583311604 -5.086430e-01 -8.594426e-01 5.138792e-02 8.908311e-01 8.597933e-01 -5.039086e-01 8.265335e-02 -1.180522e+01 -4.514100e-02 8.622403e-02 9.952526e-01 6.320568e-01
1720164415.114037352 -6.062969e-01 -7.939477e-01 4.528895e-02 -1.339234e-01 7.943246e-01 -6.018881e-01 8.233551e-02 -1.001038e+01 -3.811121e-02 8.589389e-02 9.955751e-01 5.332059e-01
1720164416.577617375 -7.666318e-01 -6.406974e-01 4.222047e-02 -1.337614e+00 6.417806e-01 -7.625766e-01 8.120680e-02 -8.363563e+00 -1.983265e-02 8.935199e-02 9.958026e-01 5.208948e-01
1720164418.078727352 -8.247403e-01 -5.645714e-01 3.259826e-02 -2.844245e+00 5.652672e-01 -8.213183e-01 7.687109e-02 -6.998328e+00 -1.662567e-02 8.182541e-02 9.965080e-01 4.748862e-01
1720164419.575742622 -8.857829e-01 -4.619642e-01 4.447262e-02 -4.649780e+00 4.640277e-01 -8.832594e-01 6.731403e-02 -5.705961e+00 8.184187e-03 8.026213e-02 9.967402e-01 5.151961e-01
1720164421.076349017 -9.385984e-01 -3.446003e-01 1.684206e-02 -6.589808e+00 3.448454e-01 -9.355133e-01 7.678888e-02 -4.698829e+00 -1.070550e-02 7.788183e-02 9.969051e-01 5.167334e-01
1720164422.585343250 -9.530662e-01 -3.013103e-01 2.961410e-02 -8.511650e+00 3.026441e-01 -9.508565e-01 6.541005e-02 -3.818817e+00 8.450029e-03 7.130264e-02 9.974189e-01 5.472555e-01
1720164423.977686992 -9.994720e-01 -1.196706e-02 3.020928e-02 -1.041805e+01 1.378641e-02 -9.980576e-01 6.075324e-02 -3.197467e+00 2.942356e-02 6.113763e-02 9.976956e-01 5.688124e-01
1720164425.378226356 -9.852010e-01 1.672167e-01 3.764933e-02 -1.245090e+01 -1.645651e-01 -9.842201e-01 6.503098e-02 -3.239926e+00 4.792949e-02 5.787283e-02 9.971728e-01 6.841394e-01
1720164426.883320734 -9.796887e-01 1.960216e-01 4.225602e-02 -1.450520e+01 -1.933523e-01 -9.792907e-01 6.003920e-02 -3.449634e+00 5.314989e-02 5.064943e-02 9.973012e-01 7.792965e-01
1720164428.281261510 -9.744694e-01 2.205054e-01 4.226900e-02 -1.652802e+01 -2.181991e-01 -9.744580e-01 5.311055e-02 -3.787913e+00 5.290052e-02 4.253155e-02 9.976936e-01 8.919017e-01
1720164429.188352162 -9.835203e-01 -1.756744e-01 4.273543e-02 -1.794538e+01 1.782451e-01 -9.817370e-01 6.649160e-02 -3.872316e+00 3.027407e-02 7.301321e-02 9.968714e-01 9.856008e-01
1720164429.694548208 -8.617125e-01 -5.059289e-01 3.856842e-02 -1.868501e+01 5.073965e-01 -8.591373e-01 6.657194e-02 -3.565963e+00 -5.451022e-04 7.693534e-02 9.970359e-01 9.791982e-01
1720164430.177589733 -6.347322e-01 -7.713186e-01 4.671931e-02 -1.926097e+01 7.726730e-01 -6.327743e-01 5.072609e-02 -3.103627e+00 -9.563198e-03 6.829622e-02 9.976193e-01 9.736037e-01
1720164430.784969853 -2.948912e-01 -9.548301e-01 3.658647e-02 -1.964428e+01 9.545046e-01 -2.925844e-01 5.757809e-02 -2.397079e+00 -4.427267e-02 5.190122e-02 9.976704e-01 9.776140e-01
1720164431.985355955 6.623006e-02 -9.963849e-01 5.320499e-02 -1.992099e+01 9.935905e-01 7.075185e-02 8.815930e-02 -6.329748e-01 -9.160494e-02 4.702517e-02 9.946845e-01 8.783681e-01
1720164432.602199886 4.384740e-01 -8.978271e-01 4.058438e-02 -1.968740e+01 8.952859e-01 4.402988e-01 6.782424e-02 2.331894e-01 -7.876369e-02 6.595458e-03 9.968715e-01 8.507292e-01
1720164433.079590713 7.253138e-01 -6.869203e-01 4.539174e-02 -1.935929e+01 6.834274e-01 7.264137e-01 7.245728e-02 8.077791e-01 -8.274555e-02 -2.153231e-02 9.963381e-01 7.735613e-01
1720164433.582498166 9.273088e-01 -3.711376e-01 4.853173e-02 -1.874403e+01 3.680053e-01 9.276985e-01 6.282994e-02 1.175959e+00 -6.834136e-02 -4.040282e-02 9.968436e-01 7.190852e-01
1720164435.383151740 9.706466e-01 -2.341747e-01 5.484058e-02 -1.672046e+01 2.300067e-01 9.704518e-01 7.293938e-02 1.524495e+00 -7.030069e-02 -5.818466e-02 9.958275e-01 5.871929e-01
1720164436.879711929 9.655094e-01 -2.543785e-01 5.552620e-02 -1.466570e+01 2.506232e-01 9.657917e-01 6.659189e-02 1.937643e+00 -7.056627e-02 -5.037895e-02 9.962341e-01 4.701100e-01
1720164438.281079323 9.611529e-01 -2.701846e-01 5.643905e-02 -1.266488e+01 2.655098e-01 9.609109e-01 7.845289e-02 2.325269e+00 -7.542965e-02 -6.042010e-02 9.953189e-01 3.258155e-01
1720164439.784497750 9.853484e-01 -1.623985e-01 5.210811e-02 -1.068779e+01 1.579405e-01 9.841552e-01 8.058110e-02 2.604001e+00 -6.436871e-02 -7.117048e-02 9.953851e-01 2.075711e-01
1720164442.782398866 9.496846e-01 -3.088607e-01 5.200305e-02 -8.714709e+00 3.041177e-01 9.490336e-01 8.275007e-02 2.909532e+00 -7.491088e-02 -6.277142e-02 9.952126e-01 8.610734e-02
1720164452.582543353 9.975509e-01 4.625083e-02 5.246923e-02 -8.459172e+00 -5.028958e-02 9.956478e-01 7.846257e-02 3.087146e+00 -4.861191e-02 -8.090906e-02 9.955353e-01 6.582420e-02
1720164453.783394823 9.175731e-01 3.944941e-01 4.933442e-02 -8.456142e+00 -3.972759e-01 9.145621e-01 7.581594e-02 3.028843e+00 -1.521043e-02 -8.916604e-02 9.959006e-01 6.315151e-02
1720164454.875315939 7.326231e-01 6.788202e-01 4.966457e-02 -8.484312e+00 -6.804035e-01 7.285208e-01 7.942608e-02 3.024001e+00 1.773435e-02 -9.198132e-02 9.956028e-01 6.771824e-02
1720164455.881204466 4.591593e-01 8.868830e-01 5.110117e-02 -8.481118e+00 -8.870980e-01 4.546932e-01 7.944305e-02 3.005322e+00 4.722133e-02 -8.180875e-02 9.955287e-01 6.344172e-02
1720164462.475159253 7.491394e-01 6.607292e-01 4.719161e-02 -8.675489e+00 -6.622540e-01 7.454996e-01 7.516584e-02 3.408530e+00 1.448294e-02 -8.756252e-02 9.960537e-01 2.168717e-02
1720164463.398894310 9.408565e-01 3.344859e-01 5.392760e-02 -8.693105e+00 -3.379390e-01 9.378620e-01 7.881761e-02 3.382622e+00 -2.421325e-02 -9.238029e-02 9.954294e-01 3.426654e-02
