123456.2 0 0 0 EXIT 
123456.3 2 0 0 消火栓 Fire Hydrant 消火栓前禁止堆放杂物 119 12345 天广消防股份有限公司
123456.5 3 0 0 男洗手间 管道井
123556.7 5 0 0 办公室 OFFICE 深圳大学
123689.5 5.2 0 0 817
123699.6 10 1 0 常闭式防火门保持关闭状态 常闭式防火门保持关闭状态
123789.6 11 1 0 8 F 2#电梯 8F 深圳大学
123889.6 11 2 0 安全出口 EXIT 809 808 807 817 818 819 820 801 81
123889.7 11 2 0 814-820 801-813 815 816 817 818 819
123889.8 11 3 0 消火栓 Fire Hydrant 消火栓前禁止堆放杂物 119 12345 消防股份有限公司
123889.9 12 5 0 813
123899.2 13 5 0 深圳大学 中航物业 玻璃破碎，请勿靠近 Please keep away from broken glass
123899.3 13.5 5.6 0 防火卷帘下0.5米范围内严禁堆放物品
123899.4 14.5 6.6 0 811
123899.5 16.5 7.6 0 810
123899.8 20.5 7.6 0 纳米光子学研究中心 Nano
123899.9 20.5 6 0 1#电梯 8F 8 F
129899.5 16.5 7.6 0 810
129899.6 14.5 6.6 0 811
129899.7 13.5 5.6 0 防火卷帘下0.5米范围内严禁堆放物品
129899.8 13.5 6.6 0 812
129899.9 12 5 0 813
129999.9 11 2 0 安全出口 EXIT
139999.9 10 1 0 常闭式防火门保持关闭状态
149999.9 11 3 0 消火栓 Fire Hydrant 消火栓前禁止堆放杂物 119 12345 消防股份有限公司
149999.9 5.2 0 0 817
123556.7 5 0 0 办公室
123456.3 2 0 0 消火栓 Fire Hydrant
123456.2 0 0 0 安全出口 EXIT 